%%MatrixMarket matrix coordinate real general
1024 1024 6838
167 1 -0.518749
815 1 -0.0652735
421 1 -0.928427
501 1 -1.24792
1 1 4.06993
562 1 -0.10786
237 1 -0.841975
655 2 -6.36344
976 2 -0.0656628
1000 2 -0.436195
277 2 -0.106398
70 2 -0.00637455
2 2 11.028
92 2 -3.8831
457 2 -0.166821
132 3 -0.0656942
507 3 -0.926135
683 3 -0.139341
382 3 -0.0871187
633 3 -0.362581
359 3 -0.087702
271 3 -2.49479
127 3 -0.189348
1013 3 -0.402354
600 3 -0.00516152
3 3 4.76023
472 4 -0.172511
284 4 -1.46291
852 4 -0.202123
322 4 -0.0937922
996 4 -0.396041
350 4 -0.857445
999 4 -0.497965
112 4 -0.232862
4 4 4.00036
642 4 -0.0847067
874 5 -1.13042
735 5 -0.431206
911 5 -1.28537
201 5 -0.34125
5 5 4.04431
390 5 -0.617757
539 5 -0.23831
156 6 -1.67472
328 6 -0.186435
89 6 -0.148445
935 6 -0.451076
296 6 -0.343575
452 6 -0.624326
553 6 -0.121812
6 6 4.09991
116 6 -0.549516
658 7 -0.733827
164 7 -2.47642
256 7 -0.209218
39 7 -0.00690224
7 7 4.80976
429 7 -0.679334
343 7 -0.704067
599 8 -0.0812678
758 8 -0.965542
857 8 -0.388506
8 8 4.78856
299 8 -1.75619
1015 8 -1.59706
337 9 -3.62962
817 9 -1.47969
697 9 -1.032
9 9 6.31301
219 9 -0.171707
624 10 -0.280474
855 10 -1.80321
829 10 -0.11271
712 10 -0.0936549
533 10 -0.270903
286 10 -0.121131
10 10 5.1439
950 10 -2.21574
1006 10 -0.246075
74 11 -0.158838
138 11 -0.410016
391 11 -0.0682786
789 11 -1.69441
11 11 15.4063
137 11 -0.933102
223 12 -0.298585
814 12 -0.729063
795 12 -0.299014
317 12 -0.25221
12 12 4.10191
746 12 -1.0052
251 12 -1.51784
409 13 -0.0678233
252 13 -0.363621
503 13 -2.67993
961 13 -0.115289
769 13 -0.152061
13 13 5.38629
842 13 -0.510285
953 13 -1.49729
915 14 -1.53989
437 14 -8.79693
370 14 -1.27988
125 14 -0.39598
14 14 12.0127
97 15 -0.51551
603 15 -0.778795
502 15 -1.0776
733 15 -0.157265
667 15 -0.0862233
151 15 -0.169204
96 15 -0.339889
739 15 -0.280419
15 15 3.82111
72 15 -0.416199
844 16 -0.0391391
132 16 -1.83244
539 16 -0.708349
390 16 -0.906168
951 16 -0.685803
1013 16 -0.0115384
16 16 4.2673
145 16 -0.0838643
601 17 -0.538932
913 17 -0.122332
774 17 -2.19163
17 17 6.6447
577 17 -3.24433
187 18 -1.65757
637 18 -0.607346
553 18 -0.571682
333 18 -0.596604
419 18 -0.15142
18 18 4.95389
469 19 -0.76061
826 19 -0.167999
19 19 8.20091
442 19 -1.43509
809 19 -5.83721
810 20 -1.21501
361 20 -3.408
557 20 -0.0762743
150 20 -1.09309
711 20 -0.201118
20 20 5.99349
908 21 -1.84821
526 21 -0.801136
327 21 -0.347441
114 21 -0.874525
21 21 4.51158
449 22 -0.313974
205 22 -0.147054
839 22 -0.995003
332 22 -1.48127
883 22 -0.559378
88 22 -0.564728
22 22 4.06141
895 23 -1.52007
231 23 -0.185033
854 23 -0.268318
220 23 -0.891941
303 23 -0.156963
122 23 -0.941407
23 23 4.26922
732 23 -0.305488
669 24 -0.243779
922 24 -0.0847236
716 24 -0.460968
24 24 22.9705
918 25 -1.73504
198 25 -1.41576
79 25 -0.189672
402 25 -0.123685
25 25 4.56339
583 26 -0.0263846
181 26 -0.584329
337 26 -2.09967
817 26 -0.0362921
528 26 -0.189904
784 26 -2.15465
282 26 -0.212713
26 26 5.30394
488 27 -2.04168
1022 27 -9.32286
27 27 12.3192
884 27 -0.549879
559 27 -0.404781
691 28 -0.0314321
134 28 -4.48944
28 28 9.84796
981 28 -4.68783
73 28 -0.639254
300 29 -7.00616
270 29 -0.452783
1004 29 -2.06069
200 29 -0.0613438
717 29 -0.12758
29 29 9.70856
371 30 -0.371909
311 30 -0.12098
30 30 4.64521
1003 30 -0.115329
217 30 -0.714214
216 31 -0.939881
146 31 -1.71403
757 31 -0.686621
31 31 4.64064
196 31 -0.242998
864 31 -0.917935
576 32 -0.17593
199 32 -2.44513
662 32 -0.212101
920 32 -2.29208
356 32 -0.276087
185 32 -0.344174
32 32 5.7455
266 33 -0.662268
569 33 -0.961504
161 33 -1.05342
700 33 -0.0845812
33 33 4.00496
618 33 -0.258203
413 33 -0.984983
729 34 -4.25981
66 34 -0.782171
34 34 6.97017
183 35 -0.299133
339 35 -0.748242
551 35 -0.311077
35 35 4.79388
403 35 -1.95488
771 35 -1.48055
95 36 -0.923055
860 36 -0.242681
408 36 -0.120076
36 36 6.63843
955 36 -2.96692
985 36 -2.3857
675 37 -0.496167
342 37 -0.0635119
683 37 -0.407898
359 37 -1.44289
633 37 -0.0197728
37 37 4.63486
276 37 -1.89645
636 37 -0.308163
522 38 -0.636001
81 38 -1.1152
651 38 -0.253675
991 38 -0.447517
113 38 -0.348123
38 38 3.73412
245 38 -0.417608
867 38 -0.515998
164 39 -0.437464
527 39 -0.753667
686 39 -0.485765
602 39 -2.11711
7 39 -0.00690224
343 39 -0.799844
39 39 4.60076
383 40 -0.517272
291 40 -1.73067
481 40 -0.50504
509 40 -0.239891
914 40 -1.87535
40 40 5.0939
78 40 -0.225673
875 41 -1.11743
832 41 -0.871565
466 41 -0.72856
56 41 -1.26244
189 41 -0.224834
41 41 4.20482
423 42 -0.0953548
83 42 -3.56511
597 42 -0.858948
965 42 -0.698473
42 42 6.02732
807 42 -0.809434
386 43 -1.32489
57 43 -0.486717
617 43 -0.090365
638 43 -1.36429
43 43 4.47178
414 43 -0.734943
562 43 -0.470582
53 44 -1.76736
964 44 -1.07447
856 44 -2.82069
462 44 -0.362106
367 44 -0.102531
44 44 6.87526
445 44 -0.748105
540 45 -1.19157
99 45 -0.324993
142 45 -0.354853
1023 45 -1.50336
749 45 -0.257222
948 45 -0.589538
980 45 -0.0857125
45 45 4.30725
894 46 -0.907173
278 46 -4.49348
46 46 6.7361
691 46 -0.4189
479 46 -0.916547
154 47 -2.46146
889 47 -0.565649
369 47 -1.75359
47 47 5.70987
747 47 -0.778102
940 48 -0.373005
260 48 -1.34971
267 48 -0.428784
438 48 -3.27496
48 48 5.75899
434 48 -0.332533
187 49 -0.645257
813 49 -2.2385
637 49 -0.697589
49 49 4.93972
468 49 -0.530562
163 50 -0.210081
752 50 -0.268458
818 50 -2.58034
985 50 -0.0751015
329 50 -0.56351
952 50 -1.873
50 50 5.82033
955 50 -0.249847
898 51 -0.6598
825 51 -2.2935
367 51 -0.0754368
563 51 -0.76032
445 51 -1.36975
779 51 -0.0701716
51 51 5.22897
506 52 -2.10853
153 52 -2.55332
979 52 -0.0263698
52 52 6.18278
899 52 -0.20238
473 53 -0.17595
741 53 -0.482295
546 53 -0.0201623
964 53 -1.45172
44 53 -1.76736
53 53 4.9726
856 53 -1.07511
1005 54 -0.0982963
108 54 -0.488535
386 54 -0.141359
770 54 -0.611169
218 54 -1.22119
638 54 -0.989096
54 54 3.92161
414 54 -0.371966
379 55 -0.343371
808 55 -4.39538
55 55 10.15
939 55 -1.50256
636 56 -0.433621
189 56 -1.82487
41 56 -1.26244
466 56 -0.577099
613 56 -0.320763
56 56 4.41879
167 57 -0.728327
501 57 -1.61929
198 57 -0.122432
562 57 -0.535787
57 57 4.78766
617 57 -1.29511
43 57 -0.486717
995 58 -0.587023
70 58 -0.831722
732 58 -0.349256
772 58 -9.69491
122 58 -0.366556
58 58 11.8295
1010 59 -1.35384
699 59 -0.81728
338 59 -0.424593
997 59 -0.0623716
460 59 -0.0874952
755 59 -1.20644
727 59 -0.354372
59 59 4.30639
583 60 -0.549525
817 60 -0.684786
645 60 -1.75107
885 60 -1.72195
60 60 4.72548
883 60 -0.0181599
375 61 -0.997756
465 61 -0.391814
434 61 -1.59899
982 61 -1.19152
61 61 4.35124
119 61 -0.171162
954 62 -0.272523
241 62 -0.0445141
287 62 -0.432478
442 62 -0.460851
469 62 -0.110832
897 62 -0.58531
142 62 -0.610271
960 62 -0.705426
62 62 3.95127
186 62 -0.72906
652 63 -0.0405849
1014 63 -1.17649
466 63 -0.630417
572 63 -1.65179
613 63 -1.16379
63 63 4.66306
922 64 -0.994137
103 64 -1.1677
699 64 -0.213032
64 64 8.78279
162 64 -6.33897
1010 64 -0.0689524
204 65 -1.23937
288 65 -0.622247
873 65 -0.019511
456 65 -3.59712
499 65 -0.625758
65 65 6.10401
80 66 -0.279568
863 66 -0.217305
668 66 -0.594905
729 66 -0.297771
857 66 -0.71289
34 66 -0.782171
66 66 3.77204
424 66 -0.354557
777 67 -1.29765
530 67 -0.260323
67 67 6.89551
266 67 -3.11385
464 67 -2.22369
926 68 -0.533491
545 68 -0.9002
453 68 -0.56479
555 68 -2.66925
463 68 -0.311243
623 68 -0.0156897
68 68 4.99467
994 69 -1.94465
69 69 32.6791
803 70 -0.381926
58 70 -0.831722
732 70 -0.608523
843 70 -0.577068
497 70 -0.304596
995 70 -0.271625
655 70 -0.337396
92 70 -0.209734
2 70 -0.00637455
70 70 3.52896
332 71 -0.255709
449 71 -0.224717
514 71 -1.96556
726 71 -0.27036
120 71 -1.50267
679 71 -0.692442
71 71 4.91145
151 72 -1.77387
15 72 -0.416199
739 72 -0.565641
977 72 -0.801689
310 72 -0.512376
72 72 4.2051
681 72 -0.13533
28 73 -0.639254
134 73 -0.644144
113 73 -0.812659
73 73 4.70543
981 73 -0.699747
447 73 -1.90963
268 74 -0.0328929
887 74 -1.21141
138 74 -0.854783
11 74 -0.158838
789 74 -2.01803
137 74 -0.484967
74 74 4.76092
865 75 -0.841673
213 75 -0.509661
523 75 -1.36641
352 75 -1.52429
481 75 -0.12386
75 75 4.36589
301 76 -0.257769
192 76 -3.6113
603 76 -1.0406
648 76 -0.647406
76 76 5.79202
733 76 -0.234949
96 77 -0.315209
128 77 -0.451133
398 77 -0.515973
502 77 -2.54095
1001 77 -0.707609
77 77 4.78087
209 77 -0.249998
291 78 -0.345239
755 78 -0.782635
121 78 -0.802039
372 78 -0.137822
727 78 -0.834629
279 78 -0.509645
914 78 -0.221736
40 78 -0.225673
78 78 3.85942
918 79 -0.160828
379 79 -1.44209
866 79 -0.0080325
126 79 -0.107054
794 79 -0.98414
992 79 -1.58738
198 79 -0.193227
25 79 -0.189672
79 79 4.67242
66 80 -0.279568
668 80 -1.14987
630 80 -0.657501
80 80 4.49293
863 80 -1.82941
452 80 -0.576581
522 81 -0.228067
651 81 -0.144504
38 81 -1.1152
791 81 -1.64078
457 81 -0.158046
215 81 -0.738105
81 81 4.19599
702 81 -0.171283
963 82 -0.361057
541 82 -0.180674
923 82 -1.49274
82 82 4.29963
847 82 -1.45274
201 82 -0.812413
423 83 -0.121546
96 83 -0.398173
917 83 -0.0392292
977 83 -1.13367
151 83 -0.605629
42 83 -3.56511
597 83 -0.192056
83 83 6.05541
147 84 -0.0745951
607 84 -4.02317
510 84 -0.634976
225 84 -0.836292
336 84 -0.56881
84 84 6.13785
358 85 -0.668757
846 85 -2.03247
972 85 -0.0943386
364 85 -0.26108
85 85 4.64485
159 85 -1.06821
921 85 -0.519988
546 86 -0.0843988
308 86 -1.84108
86 86 5.32523
790 87 -0.0738601
109 87 -0.0748794
262 87 -3.66156
87 87 6.38737
225 87 -1.5152
510 87 -1.06187
816 88 -4.98229
946 88 -0.241425
656 88 -0.0948762
124 88 -0.00181628
205 88 -1.16195
883 88 -0.142774
88 88 7.18986
22 88 -0.564728
559 89 -0.115252
1022 89 -0.32828
328 89 -1.00437
719 89 -0.490064
6 89 -0.148445
698 89 -2.13419
116 89 -0.969524
89 89 5.19012
594 90 -0.293269
394 90 -2.50574
90 90 6.03081
142 91 -0.696914
186 91 -0.33988
1023 91 -0.497695
275 91 -0.522277
91 91 3.89022
560 91 -1.05158
281 91 -0.781876
497 92 -1.90957
172 92 -0.853987
70 92 -0.209734
2 92 -3.8831
92 92 7.05685
457 92 -0.200461
594 93 -0.191556
565 93 -7.43185
93 93 42.6129
519 94 -0.78966
718 94 -10.0432
94 94 15.1538
586 94 -4.13596
193 94 -0.184965
877 95 -0.319674
782 95 -0.979251
282 95 -0.3591
219 95 -0.0821771
860 95 -1.28788
36 95 -0.923055
95 95 4.05785
408 95 -0.106712
77 96 -0.315209
502 96 -0.0908977
423 96 -0.11581
83 96 -0.398173
151 96 -1.66117
15 96 -0.339889
305 96 -1.54269
96 96 4.48824
128 96 -0.0243951
15 97 -0.51551
667 97 -1.72089
97 97 9.4367
739 97 -5.40881
579 97 -1.79148
415 98 -2.34462
325 98 -0.304236
369 98 -0.344828
482 98 -0.0177461
98 98 5.59689
747 98 -1.93182
552 98 -0.653647
540 99 -0.266101
45 99 -0.324993
142 99 -1.21018
897 99 -3.89671
989 99 -0.634901
99 99 6.33288
970 100 -0.813249
247 100 -0.902969
217 100 -0.0155241
433 100 -3.19741
246 100 -0.148536
378 100 -0.441191
100 100 5.72197
685 100 -0.203096
380 101 -0.517212
785 101 -1.53248
719 101 -0.38704
483 101 -1.0195
264 101 -0.570845
284 101 -0.271721
101 101 4.2988
824 102 -1.19377
571 102 -1.83906
759 102 -1.63991
989 102 -0.0957928
241 102 -0.188053
102 102 4.95659
480 103 -1.04174
922 103 -0.388942
103 103 5.41892
64 103 -1.1677
699 103 -2.82054
366 104 -0.146548
900 104 -1.44263
619 104 -0.740031
104 104 4.85876
582 104 -0.72497
307 104 -1.80459
810 105 -0.159529
904 105 -0.0694817
478 105 -0.328607
519 105 -0.835215
776 105 -2.79337
718 105 -0.762258
105 105 5.57219
586 105 -0.623727
634 106 -0.647772
199 106 -0.755833
980 106 -0.603959
749 106 -0.131895
106 106 4.66081
662 106 -2.36092
193 106 -0.16043
427 107 -1.13742
288 107 -1.11909
107 107 4.34432
877 108 -0.00629016
1005 108 -1.29967
782 108 -0.998205
408 108 -0.357302
248 108 -0.199885
386 108 -0.635071
108 108 3.98496
54 108 -0.488535
231 109 -0.0539642
659 109 -0.502904
653 109 -2.47847
493 109 -0.00966788
790 109 -0.532195
510 109 -1.38795
109 109 5.04004
87 109 -0.0748794
487 110 -0.239078
330 110 -4.14082
689 110 -0.198651
1012 110 -1.07528
110 110 6.54078
674 110 -0.0817813
738 110 -0.805161
222 111 -0.74727
625 111 -3.72972
111 111 7.31914
432 111 -2.12509
117 112 -0.921834
350 112 -0.30305
557 112 -0.14999
861 112 -0.704509
962 112 -0.612046
112 112 4.11404
4 112 -0.232862
642 112 -1.18975
508 113 -0.963086
134 113 -0.0216355
991 113 -1.53432
73 113 -0.812659
447 113 -0.0180475
113 113 4.29219
245 113 -0.594319
38 113 -0.348123
890 114 -0.212604
327 114 -0.498992
21 114 -0.874525
114 114 4.47785
928 114 -2.13162
588 115 -0.745162
170 115 -1.11452
797 115 -0.173084
143 115 -0.106491
295 115 -2.32622
115 115 5.38538
477 115 -0.639497
937 115 -0.2804
89 116 -0.969524
698 116 -3.00592
708 116 -0.574912
553 116 -0.651687
6 116 -0.549516
116 116 5.75156
350 117 -1.41826
820 117 -3.64494
112 117 -0.921834
557 117 -0.145309
117 117 6.13035
848 118 -1.84287
382 118 -0.437193
127 118 -0.27657
280 118 -1.02376
277 118 -0.634675
238 118 -0.100452
118 118 4.31552
267 119 -0.0486966
434 119 -0.557746
61 119 -0.171162
611 119 -1.71785
195 119 -0.0751726
798 119 -1.53516
982 119 -0.435347
119 119 4.54113
71 120 -1.50267
679 120 -1.51552
1016 120 -0.129473
332 120 -2.13441
646 120 -0.204876
120 120 5.48694
891 121 -0.713519
366 121 -0.716721
750 121 -0.104141
291 121 -0.148774
307 121 -0.151228
372 121 -1.71224
78 121 -0.802039
121 121 4.34867
895 122 -0.291793
58 122 -0.366556
297 122 -0.452768
23 122 -0.941407
732 122 -0.909855
772 122 -0.989568
975 122 -0.100955
122 122 4.0529
824 123 -0.837615
958 123 -0.220199
286 123 -0.177985
354 123 -0.522815
123 123 4.0516
671 123 -1.53017
571 123 -0.762818
221 124 -1.21857
130 124 -0.516586
827 124 -4.88166
734 124 -0.562115
816 124 -0.0617982
656 124 -0.820238
88 124 -0.00181628
124 124 8.06279
172 125 -0.097334
14 125 -0.39598
437 125 -0.0982657
690 125 -0.0177647
370 125 -0.921916
907 125 -0.261791
677 125 -1.79328
831 125 -0.150107
177 125 -0.37626
125 125 4.3081
921 125 -0.195392
918 126 -1.95733
79 126 -0.107054
866 126 -0.914984
126 126 5.24306
368 126 -1.31765
848 127 -0.210735
118 127 -0.27657
382 127 -0.848247
1000 127 -0.351686
3 127 -0.189348
127 127 3.76195
271 127 -0.828444
975 127 -1.05692
77 128 -0.451133
398 128 -0.924726
315 128 -0.734117
912 128 -1.62668
259 128 -0.0301723
305 128 -0.762532
96 128 -0.0243951
128 128 4.55375
573 129 -1.06723
210 129 -0.270938
193 129 -0.014845
586 129 -3.09311
776 129 -0.0143415
214 129 -0.0560045
129 129 5.50237
641 129 -0.0658904
221 130 -0.58038
124 130 -0.516586
130 130 8.02708
734 130 -0.215472
243 131 -0.485079
740 131 -2.52323
496 131 -1.53941
485 131 -0.711398
131 131 5.30891
845 131 -0.0498016
879 132 -0.0438069
539 132 -0.165675
16 132 -1.83244
507 132 -0.772467
132 132 5.34038
1013 132 -2.4603
3 132 -0.0656942
198 133 -0.0781314
421 133 -2.13731
133 133 6.90074
28 134 -4.48944
508 134 -0.236647
779 134 -2.07928
445 134 -0.122015
691 134 -0.198651
73 134 -0.644144
113 134 -0.0216355
134 134 7.79182
903 135 -4.58404
872 135 -0.588274
135 135 62.9012
362 136 -2.858
517 136 -0.809843
535 136 -0.22783
176 136 -0.825279
500 136 -0.973545
228 136 -0.636368
229 136 -0.167878
136 136 6.49874
268 137 -0.0813377
74 137 -0.484967
789 137 -2.66533
11 137 -0.933102
137 137 33.7619
599 138 -0.959225
887 138 -0.504898
556 138 -0.313503
1011 138 -0.0476983
74 138 -0.854783
11 138 -0.410016
1015 138 -0.568709
391 138 -0.201749
138 138 3.86058
323 139 -2.88229
666 139 -0.568193
155 139 -0.111825
244 139 -0.642722
978 139 -1.43093
432 139 -0.348475
139 139 5.98444
936 140 -2.79279
582 140 -0.707498
984 140 -4.93792
140 140 8.50512
664 140 -0.0315559
882 140 -0.0353645
944 141 -1.17012
309 141 -0.0499683
835 141 -1.90187
538 141 -0.490347
185 141 -0.104073
356 141 -0.696234
532 141 -0.137056
141 141 4.54968
62 142 -0.610271
897 142 -0.652595
186 142 -0.405728
91 142 -0.696914
1023 142 -0.122074
99 142 -1.21018
45 142 -0.354853
142 142 4.05261
797 143 -0.395187
150 143 -0.0375125
711 143 -0.49266
115 143 -0.106491
295 143 -0.580758
644 143 -0.290602
676 143 -1.46937
642 143 -0.466666
143 143 3.83925
443 144 -0.556818
792 144 -1.12973
459 144 -0.808096
144 144 3.93582
253 144 -1.07717
355 144 -0.364016
951 145 -1.99186
400 145 -0.559348
905 145 -0.207413
600 145 -0.727094
1013 145 -0.989722
16 145 -0.0838643
145 145 4.55931
216 146 -2.91583
773 146 -0.768276
146 146 5.86772
196 146 -0.469589
31 146 -1.71403
854 147 -0.0173807
231 147 -0.0681952
607 147 -0.386837
84 147 -0.0745951
242 147 -0.287192
158 147 -1.16109
147 147 3.95166
336 147 -1.01256
1016 147 -0.943814
691 148 -0.192932
864 148 -0.0125315
462 148 -1.93843
445 148 -0.169321
148 148 5.85855
188 148 -0.712306
479 148 -2.83303
647 149 -0.800085
355 149 -0.181825
744 149 -1.86032
334 149 -0.813655
1019 149 -0.754575
149 149 4.8614
878 149 -0.450937
557 150 -0.421577
861 150 -0.417154
676 150 -0.780206
143 150 -0.0375125
150 150 4.04919
711 150 -1.29966
20 150 -1.09309
83 151 -0.605629
15 151 -0.169204
96 151 -1.66117
151 151 4.69419
977 151 -0.484324
72 151 -1.77387
366 152 -0.492251
750 152 -0.32241
900 152 -0.0453488
558 152 -1.23926
205 152 -0.477151
839 152 -1.69898
152 152 4.36453
646 152 -0.0891313
506 153 -0.338498
505 153 -2.71546
427 153 -0.512167
153 153 6.63947
52 153 -2.55332
979 153 -0.520021
868 154 -0.0747254
896 154 -3.09783
369 154 -0.173913
730 154 -0.582737
47 154 -2.46146
154 154 6.54386
889 154 -0.153193
139 155 -0.111825
244 155 -2.15918
965 155 -0.0841994
155 155 5.16721
807 155 -0.96658
666 155 -1.84543
296 156 -0.0825289
333 156 -1.44179
156 156 5.41405
6 156 -1.67472
553 156 -2.21501
886 157 -0.125041
228 157 -0.590888
229 157 -0.420585
176 157 -0.427979
997 157 -0.647683
157 157 3.59909
313 157 -0.585535
833 157 -0.801378
800 158 -0.0268456
850 158 -0.0208986
439 158 -0.190638
242 158 -0.478542
147 158 -1.16109
158 158 5.08934
1016 158 -0.632895
425 158 -2.57842
706 159 -2.06836
968 159 -0.242341
364 159 -0.175707
85 159 -1.06821
159 159 4.79657
177 159 -1.11778
921 159 -0.124175
979 160 -1.25046
899 160 -2.77533
160 160 5.69386
237 160 -0.96197
281 160 -0.706103
618 161 -1.14338
273 161 -0.978382
161 161 4.23072
33 161 -1.05342
700 161 -1.05554
64 162 -6.33897
1010 162 -0.238185
922 162 -0.38413
190 162 -0.373205
162 162 8.92156
313 162 -1.45478
997 162 -0.132288
50 163 -0.210081
818 163 -1.89449
872 163 -0.078656
752 163 -1.08116
606 163 -1.23459
294 163 -0.305014
163 163 4.99918
658 164 -0.741226
527 164 -1.88605
164 164 5.54116
7 164 -2.47642
39 164 -0.437464
724 165 -0.703357
336 165 -1.05651
304 165 -12.7168
726 165 -0.154438
931 165 -0.288379
165 165 14.9195
775 166 -0.261317
543 166 -0.451792
910 166 -0.266987
610 166 -0.797434
564 166 -2.45799
618 166 -0.298359
531 166 -0.0252256
166 166 4.7216
273 166 -0.162495
57 167 -0.728327
501 167 -1.14329
167 167 6.19682
562 167 -3.80645
1 167 -0.518749
175 168 -0.0715464
890 168 -1.81936
928 168 -0.337263
615 168 -0.33512
168 168 5.42374
670 168 -1.78794
753 168 -1.07251
399 169 -0.721417
169 169 8.66796
376 169 -5.34373
485 169 -2.60281
588 170 -3.22914
819 170 -0.195823
714 170 -0.0878017
896 170 -0.137339
170 170 6.63892
797 170 -1.8743
115 170 -1.11452
239 171 -1.82032
969 171 -0.420314
178 171 -0.224336
171 171 4.47704
696 171 -1.29569
585 171 -0.716385
497 172 -0.201244
649 172 -0.599961
690 172 -0.052688
677 172 -0.59761
125 172 -0.097334
791 172 -0.0500613
92 172 -0.853987
457 172 -0.0314423
269 172 -1.1072
578 172 -0.785283
172 172 4.37681
574 173 -0.932117
412 173 -1.436
868 173 -0.0516411
347 173 -0.132333
361 173 -0.558411
949 173 -0.933071
325 173 -0.0895392
173 173 4.50685
369 173 -0.373737
651 174 -0.428977
215 174 -0.806235
702 174 -0.155572
174 174 7.54843
345 174 -5.37375
654 174 -0.783889
327 175 -0.564448
919 175 -0.318759
566 175 -0.346435
605 175 -0.723612
806 175 -0.381789
890 175 -1.38998
168 175 -0.0715464
753 175 -0.0990348
175 175 3.89561
136 176 -0.825279
228 176 -1.28992
157 176 -0.427979
535 176 -0.126484
544 176 -0.00852251
460 176 -1.3867
997 176 -0.113404
176 176 4.17829
706 177 -0.744156
159 177 -1.11778
831 177 -1.94868
988 177 -0.0629643
177 177 4.72266
125 177 -0.37626
921 177 -0.472826
723 178 -0.760944
239 178 -0.153321
171 178 -0.224336
969 178 -1.97198
811 178 -2.66361
178 178 5.77742
616 178 -0.0032338
301 179 -2.09332
192 179 -0.381748
261 179 -11.6009
179 179 14.3365
643 179 -0.260502
947 180 -1.60809
804 180 -2.69279
657 180 -0.475012
306 180 -0.455402
811 180 -0.386992
180 180 5.61829
583 181 -2.34559
314 181 -5.94895
26 181 -0.584329
906 181 -0.517676
528 181 -0.419071
181 181 9.81561
254 182 -0.363123
398 182 -0.174951
259 182 -0.370045
941 182 -0.717389
274 182 -0.778894
395 182 -1.20994
1020 182 -0.347895
541 182 -0.228894
182 182 4.28813
341 182 -0.0970039
543 183 -0.981874
754 183 -0.794049
898 183 -0.222452
403 183 -0.946671
183 183 3.82127
35 183 -0.299133
339 183 -0.577088
491 184 -0.491183
591 184 -0.317468
581 184 -2.41365
184 184 4.66507
956 184 -0.635679
534 184 -0.807086
944 185 -0.890832
32 185 -0.344174
662 185 -0.0112521
478 185 -0.636497
904 185 -0.348874
356 185 -2.92039
141 185 -0.104073
185 185 5.25609
62 186 -0.72906
142 186 -0.405728
960 186 -1.8256
275 186 -1.21415
186 186 4.51442
91 186 -0.33988
813 187 -1.58294
18 187 -1.65757
187 187 4.73022
637 187 -0.36562
49 187 -0.645257
894 188 -0.377247
148 188 -0.712306
479 188 -0.0617636
195 188 -1.79106
864 188 -1.87857
196 188 -0.0757657
188 188 4.89671
875 189 -0.116417
636 189 -0.271236
876 189 -0.276913
999 189 -0.937092
350 189 -0.661686
820 189 -0.0361295
56 189 -1.82487
189 189 4.34918
41 189 -0.224834
321 190 -1.15247
669 190 -17.8072
922 190 -0.142594
313 190 -0.521014
162 190 -0.373205
190 190 19.9965
827 191 -0.610594
720 191 -0.284508
881 191 -0.706575
191 191 20.6073
301 192 -0.043419
76 192 -3.6113
603 192 -0.123781
209 192 -2.0199
179 192 -0.381748
261 192 -0.4534
192 192 6.63354
634 193 -1.87804
106 193 -0.16043
662 193 -0.169916
519 193 -0.828946
456 193 -0.526173
210 193 -0.46504
129 193 -0.014845
94 193 -0.184965
586 193 -0.144628
193 193 4.37299
787 194 -0.310218
722 194 -0.57905
796 194 -1.59983
892 194 -1.37385
194 194 4.50177
802 194 -0.638828
760 195 -0.0811076
798 195 -1.21986
119 195 -0.0751726
611 195 -0.732433
894 195 -0.505614
188 195 -1.79106
196 195 -0.200007
195 195 4.60526
435 196 -0.0350978
256 196 -1.34284
760 196 -0.0576301
146 196 -0.469589
773 196 -0.516744
429 196 -0.392984
593 196 -0.0782437
195 196 -0.200007
188 196 -0.0757657
31 196 -0.242998
196 196 3.89775
864 196 -0.485852
246 197 -1.18972
197 197 6.60958
207 197 -1.38905
592 197 -4.03081
133 198 -0.0781314
57 198 -0.122432
501 198 -0.243705
421 198 -0.0694562
934 198 -1.36874
617 198 -0.11223
992 198 -0.231558
198 198 4.16829
25 198 -1.41576
79 198 -0.193227
32 199 -2.44513
106 199 -0.755833
662 199 -0.0733835
199 199 5.05233
980 199 -1.42555
576 199 -0.352439
300 200 -0.555433
29 200 -0.0613438
717 200 -0.912551
623 200 -0.470461
200 200 3.87944
768 200 -0.88368
554 200 -0.995967
963 201 -0.479922
82 201 -0.812413
847 201 -0.424122
911 201 -0.62007
844 201 -0.0861847
201 201 3.62593
390 201 -0.861971
5 201 -0.34125
598 202 -0.84245
283 202 -5.53135
430 202 -0.287381
483 202 -0.546427
202 202 8.70051
284 202 -0.0479278
635 202 -1.44497
598 203 -0.856375
283 203 -1.24149
203 203 4.43286
232 203 -1.51141
902 203 -0.823576
634 204 -0.836451
456 204 -0.0730312
749 204 -5.03171
65 204 -1.23937
873 204 -0.244593
204 204 7.42516
619 205 -2.47666
582 205 -0.0317298
900 205 -0.670125
946 205 -0.221854
88 205 -1.16195
22 205 -0.147054
152 205 -0.477151
839 205 -0.203996
205 205 5.39052
211 206 -1.98285
206 206 5.83368
224 206 -0.28554
688 206 -2.79224
197 207 -1.38905
385 207 -1.72418
592 207 -0.281272
590 207 -0.0430445
207 207 5.81684
246 207 -0.0273504
942 207 -1.65125
707 208 -0.946781
595 208 -1.39505
208 208 6.35099
734 208 -3.08727
603 209 -0.0528524
502 209 -0.492055
77 209 -0.249998
192 209 -2.0199
1001 209 -1.05896
209 209 4.69864
261 209 -0.500611
411 209 -0.324276
639 210 -0.793898
612 210 -1.61041
573 210 -0.869306
456 210 -0.521079
210 210 4.53067
193 210 -0.46504
129 210 -0.270938
777 211 -0.611006
530 211 -0.398842
212 211 -0.144404
224 211 -0.43523
211 211 4.54635
206 211 -1.98285
211 212 -0.144404
530 212 -1.78935
212 212 5.18012
788 213 -3.51081
250 213 -1.03139
865 213 -0.264289
492 213 -0.274263
75 213 -0.509661
523 213 -0.188022
213 213 5.77843
129 214 -0.0560045
482 214 -0.186922
715 214 -0.572383
641 214 -0.455559
214 214 35.3288
651 215 -3.89909
81 215 -0.738105
174 215 -0.806235
215 215 6.1134
702 215 -0.669969
31 216 -0.939881
146 216 -2.91583
216 216 8.39133
737 216 -4.39779
773 216 -0.127294
371 217 -0.954308
100 217 -0.0155241
685 217 -1.44701
30 217 -0.714214
1003 217 -0.071524
590 217 -0.168027
592 217 -0.366923
217 217 4.02184
246 217 -0.284305
954 218 -5.32947
442 218 -0.418806
770 218 -0.287231
287 218 -0.0318214
54 218 -1.22119
218 218 7.50654
414 218 -0.218023
337 219 -1.06798
9 219 -0.171707
697 219 -7.10265
282 219 -0.157054
95 219 -0.0821771
566 219 -0.585158
450 219 -0.135512
219 219 9.96911
860 219 -0.666865
854 220 -1.82627
303 220 -0.0576392
23 220 -0.891941
242 220 -1.55179
800 220 -0.682495
220 220 5.01013
130 221 -0.58038
124 221 -1.21857
221 221 4.78913
827 221 -0.140814
761 222 -0.70577
625 222 -0.078691
111 222 -0.74727
222 222 6.19561
341 223 -0.301133
411 223 -1.74564
814 223 -1.05975
223 223 4.62941
12 223 -0.298585
317 223 -1.2243
709 224 -0.456924
804 224 -0.214555
444 224 -0.561661
777 224 -0.540162
916 224 -0.339453
640 224 -0.0227843
211 224 -0.43523
206 224 -0.28554
224 224 3.76073
688 224 -0.782128
487 225 -0.481002
84 225 -0.836292
262 225 -0.182508
336 225 -0.412474
304 225 -0.552353
87 225 -1.5152
225 225 4.20128
510 225 -0.221453
993 226 -2.21479
673 226 -2.82953
495 226 -0.0608456
226 226 6.44415
468 226 -0.218297
467 227 -0.97808
385 227 -0.729391
227 227 98.4111
136 228 -0.636368
176 228 -1.28992
228 228 5.79436
157 228 -0.590888
229 228 -3.27719
136 229 -0.167878
500 229 -0.0197913
886 229 -1.01673
228 229 -3.27719
157 229 -0.420585
461 229 -0.0547048
616 229 -0.852361
229 229 5.80923
892 230 -0.381109
996 230 -1.76762
322 230 -0.055147
589 230 -10.8536
722 230 -0.217079
230 230 13.2746
895 231 -0.0480386
854 231 -3.38
23 231 -0.185033
659 231 -0.19471
109 231 -0.0539642
147 231 -0.0681952
607 231 -2.01325
231 231 6.35964
510 231 -0.416457
598 232 -0.115279
945 232 -3.37662
802 232 -0.29979
203 232 -1.51141
454 232 -0.055866
902 232 -0.213403
232 232 5.92937
257 232 -0.357003
360 233 -0.775204
628 233 -1.32944
907 233 -1.25368
370 233 -0.00809973
748 233 -0.363473
660 233 -0.00718447
233 233 4.49769
481 233 -0.150043
509 233 -0.610566
778 234 -0.124913
365 234 -1.20081
529 234 -0.513017
417 234 -0.0126557
1024 234 -0.364707
257 234 -7.70173
454 234 -0.155609
234 234 10.0734
284 235 -1.14625
852 235 -1.94451
235 235 4.77609
264 235 -1.29588
644 235 -0.389447
272 236 -1.61299
1002 236 -0.188517
998 236 -0.617166
236 236 4.2766
815 237 -0.248815
899 237 -0.240553
160 237 -0.96197
281 237 -0.149739
504 237 -0.536162
1 237 -0.841975
562 237 -0.399531
237 237 3.67606
346 238 -0.520799
280 238 -0.716363
118 238 -0.100452
277 238 -0.596575
926 238 -2.5007
238 238 5.01676
545 238 -0.581874
723 239 -0.768078
476 239 -1.08903
692 239 -0.480188
178 239 -0.153321
171 239 -1.82032
585 239 -0.319923
239 239 4.63086
308 240 -0.183613
757 240 -5.78826
240 240 8.03295
824 241 -0.529617
102 241 -0.188053
469 241 -1.43671
62 241 -0.0445141
989 241 -1.4839
897 241 -0.922567
241 241 4.60537
854 242 -1.48216
220 242 -1.55179
800 242 -1.3833
147 242 -0.287192
158 242 -0.478542
242 242 5.18299
762 243 -1.57809
365 243 -0.248156
524 243 -0.405501
384 243 -0.395746
740 243 -0.488925
131 243 -0.485079
243 243 4.10325
496 243 -0.501751
139 244 -0.642722
155 244 -2.15918
965 244 -0.144839
432 244 -0.090226
244 244 4.51721
625 244 -0.954475
971 244 -0.525774
721 245 -0.0342285
620 245 -2.04436
447 245 -2.60693
113 245 -0.594319
38 245 -0.417608
245 245 5.85252
867 245 -0.155072
467 246 -0.343351
197 246 -1.18972
433 246 -1.55485
100 246 -0.148536
207 246 -0.0273504
942 246 -0.444794
592 246 -1.14274
217 246 -0.284305
246 246 5.13565
321 247 -0.670815
833 247 -3.07366
970 247 -0.26035
100 247 -0.902969
247 247 5.37213
433 247 -0.464333
617 248 -0.155127
858 248 -1.09548
386 248 -1.13901
108 248 -0.199885
431 248 -1.83873
408 248 -0.462838
248 248 4.89107
491 249 -0.142422
988 249 -1.25692
706 249 -0.200401
591 249 -0.758277
702 249 -1.53092
249 249 4.80088
470 249 -0.19107
345 249 -0.720874
326 250 -0.0870553
788 250 -0.302972
213 250 -1.03139
492 250 -1.02451
439 250 -0.838809
990 250 -0.427137
850 250 -0.279617
250 250 3.99149
407 251 -0.227859
847 251 -0.645301
923 251 -0.0907971
317 251 -0.181512
781 251 -0.810809
787 251 -0.0792715
12 251 -1.51784
746 251 -0.520454
251 251 4.07384
409 252 -0.67714
503 252 -0.238428
13 252 -0.363621
705 252 -2.19599
416 252 -0.936143
418 252 -0.362926
652 252 -0.18739
252 252 4.96164
144 253 -1.07717
459 253 -0.623517
935 253 -0.892047
253 253 4.76081
878 253 -1.76982
355 253 -0.398261
911 254 -0.5706
735 254 -0.237676
682 254 -0.212564
963 254 -0.961962
274 254 -0.534248
254 254 5.09778
182 254 -0.363123
541 254 -2.21761
1005 255 -0.66151
1017 255 -0.597411
770 255 -0.842697
387 255 -0.489484
584 255 -1.96368
255 255 4.67172
841 255 -0.116939
658 256 -0.270094
435 256 -1.55832
7 256 -0.209218
256 256 4.66966
196 256 -1.34284
429 256 -1.28919
232 257 -0.357003
1024 257 -0.495452
902 257 -0.396038
257 257 9.61911
454 257 -0.668884
234 257 -7.70173
561 258 -0.200578
515 258 -0.275035
404 258 -0.234027
484 258 -0.288394
604 258 -1.04124
393 258 -3.24509
258 258 5.50456
601 258 -0.220199
182 259 -0.370045
405 259 -2.66227
941 259 -2.80622
270 259 -0.212293
398 259 -0.262606
912 259 -0.172962
128 259 -0.0301723
259 259 6.51657
940 260 -0.888396
48 260 -1.34971
267 260 -0.163858
260 260 4.22451
721 260 -0.752888
620 260 -1.06966
192 261 -0.4534
966 261 -0.222552
209 261 -0.500611
411 261 -0.104265
261 261 14.9099
179 261 -11.6009
643 261 -2.02814
953 262 -0.300634
487 262 -0.0513795
790 262 -1.08372
829 262 -0.743806
842 262 -0.13869
87 262 -3.66156
262 262 6.1623
225 262 -0.182508
822 263 -0.982904
657 263 -0.617255
622 263 -0.142932
464 263 -1.13812
444 263 -0.247819
263 263 4.04786
696 263 -0.158339
306 263 -0.760486
785 264 -0.541081
101 264 -0.570845
284 264 -0.179069
745 264 -1.28462
235 264 -1.29588
264 264 4.20561
644 264 -0.334115
959 265 -0.207206
556 265 -1.09972
521 265 -1.30456
853 265 -2.08698
680 265 -0.662384
265 265 5.69457
943 265 -0.333717
822 266 -0.939422
530 266 -0.00650917
67 266 -3.11385
464 266 -0.271629
700 266 -0.474348
569 266 -0.228448
266 266 5.69648
33 266 -0.662268
48 267 -0.428784
434 267 -0.53283
119 267 -0.0486966
611 267 -0.424103
278 267 -1.10423
765 267 -0.27964
620 267 -0.673466
267 267 3.6556
260 267 -0.163858
137 268 -0.0813377
74 268 -0.0328929
943 268 -0.0301528
853 268 -0.648994
887 268 -0.155347
268 268 7.41241
803 269 -0.546717
843 269 -0.908695
497 269 -0.759069
269 269 4.23524
578 269 -0.913564
172 269 -1.1072
300 270 -0.16867
29 270 -0.452783
1007 270 -3.36007
420 270 -0.877246
1004 270 -0.0578817
405 270 -1.21098
259 270 -0.212293
941 270 -0.0432359
270 270 6.38316
297 271 -0.132196
494 271 -0.73701
683 271 -0.0317577
3 271 -2.49479
127 271 -0.828444
271 271 4.87662
975 271 -0.652428
1002 272 -0.197975
536 272 -0.567144
236 272 -1.61299
272 272 4.675
736 272 -1.94143
161 273 -0.978382
618 273 -0.967559
166 273 -0.162495
273 273 4.42662
700 273 -0.905156
531 273 -1.41303
766 274 -0.257971
682 274 -1.69354
254 274 -0.534248
941 274 -1.2695
182 274 -0.778894
274 274 4.53416
960 275 -0.144896
186 275 -1.21415
91 275 -0.522277
275 275 4.3324
281 275 -1.41574
504 275 -1.03533
37 276 -1.89645
636 276 -0.142171
695 276 -2.45573
633 276 -0.868617
600 276 -0.100679
276 276 5.46364
448 277 -1.33518
848 277 -0.837715
118 277 -0.634675
238 277 -0.596575
545 277 -0.376785
976 277 -0.0680047
1000 277 -0.420546
2 277 -0.106398
277 277 4.37588
267 278 -1.10423
46 278 -4.49348
691 278 -0.808767
765 278 -0.348714
894 278 -0.191322
611 278 -0.055374
278 278 7.00188
882 279 -1.03095
372 279 -0.916191
727 279 -2.58537
78 279 -0.509645
279 279 5.04216
346 280 -3.98631
925 280 -0.47828
382 280 -0.236475
280 280 6.44119
118 280 -1.02376
238 280 -0.716363
979 281 -0.502217
91 281 -0.781876
560 281 -0.388577
873 281 -0.10204
160 281 -0.706103
237 281 -0.149739
275 281 -1.41574
281 281 4.16654
504 281 -0.120244
337 282 -0.242207
751 282 -0.165113
877 282 -0.409872
784 282 -1.22618
26 282 -0.212713
1017 282 -0.417561
95 282 -0.3591
219 282 -0.157054
841 282 -0.535108
282 282 3.86447
584 282 -0.139555
598 283 -0.276232
202 283 -5.53135
430 283 -0.0911101
203 283 -1.24149
548 283 -0.74201
283 283 7.89399
902 283 -0.0117938
483 284 -0.534502
202 284 -0.0479278
635 284 -0.0764665
996 284 -0.0457226
852 284 -0.677169
4 284 -1.46291
101 284 -0.271721
235 284 -1.14625
284 284 4.44174
264 284 -0.179069
801 285 -0.887806
771 285 -0.169964
403 285 -0.424677
285 285 4.50231
563 285 -1.94594
893 285 -1.07391
123 286 -0.177985
10 286 -0.121131
533 286 -1.60367
354 286 -0.292218
286 286 5.88062
958 286 -3.28895
950 286 -0.396676
62 287 -0.432478
960 287 -2.97204
954 287 -2.77434
218 287 -0.0318214
414 287 -0.248235
287 287 6.62501
504 287 -0.166096
505 288 -0.229192
427 288 -0.0389327
499 288 -0.0371636
107 288 -1.11909
288 288 4.90419
873 288 -2.49563
65 288 -0.622247
744 289 -1.233
334 289 -2.06168
959 289 -0.247255
556 289 -0.133134
289 289 5.53261
1019 289 -1.11555
1011 289 -0.741996
984 290 -0.412461
664 290 -0.0295341
520 290 -0.499693
946 290 -0.259606
290 290 4.49634
656 290 -1.76716
720 290 -1.52788
891 291 -0.0798639
693 291 -3.54488
383 291 -1.14107
121 291 -0.148774
40 291 -1.73067
291 291 6.9905
78 291 -0.345239
368 292 -0.557088
292 292 4.22331
402 292 -1.02624
353 293 -0.0269405
610 293 -0.0736085
349 293 -1.17364
367 293 -0.479597
293 293 4.77303
1021 293 -1.80942
567 293 -1.20982
163 294 -0.305014
606 294 -0.414409
834 294 -1.10466
294 294 5.35423
939 294 -1.9617
570 295 -0.623544
477 295 -1.52116
115 295 -2.32622
295 295 5.28022
143 295 -0.580758
644 295 -0.228537
156 296 -0.0825289
333 296 -0.132749
630 296 -1.45133
419 296 -1.04932
452 296 -0.0957318
6 296 -0.343575
668 296 -0.212685
296 296 4.02532
729 296 -0.0929082
895 297 -1.19067
122 297 -0.452768
975 297 -1.31277
271 297 -0.132196
659 297 -1.30351
297 297 4.66113
494 297 -0.269215
453 298 -0.462028
463 298 -0.734519
924 298 -0.313928
448 298 -0.48479
522 298 -0.174612
867 298 -1.57422
721 298 -0.367296
298 298 4.11139
857 299 -0.675644
424 299 -1.05634
8 299 -1.75619
1015 299 -0.781424
391 299 -0.601442
299 299 4.9895
455 299 -0.118465
766 300 -1.04233
270 300 -0.16867
941 300 -0.146527
29 300 -7.00616
200 300 -0.555433
300 300 9.11693
768 300 -0.197802
986 301 -0.186523
458 301 -0.545961
643 301 -0.483927
179 301 -2.09332
192 301 -0.043419
648 301 -1.02035
301 301 4.63127
76 301 -0.257769
488 302 -0.448443
902 302 -0.582774
363 302 -0.881674
548 302 -0.906217
1024 302 -0.773868
884 302 -0.182691
302 302 3.77567
743 303 -2.58768
990 303 -0.160487
578 303 -0.320344
428 303 -1.53479
732 303 -0.0602398
800 303 -0.516246
220 303 -0.0576392
303 303 5.39439
23 303 -0.156963
724 304 -0.520685
318 304 -0.409188
487 304 -0.222504
165 304 -12.7168
336 304 -0.78974
225 304 -0.552353
304 304 15.2113
423 305 -0.255407
909 305 -0.269436
315 305 -5.21332
305 305 8.04338
96 305 -1.54269
128 305 -0.762532
657 306 -0.641386
180 306 -0.455402
969 306 -3.42969
811 306 -0.111408
263 306 -0.760486
696 306 -0.199791
306 306 5.59816
936 307 -0.903606
366 307 -0.242826
830 307 -0.670954
104 307 -1.80459
582 307 -0.0187889
372 307 -0.618088
121 307 -0.151228
307 307 4.41008
240 308 -0.183613
86 308 -1.84108
546 308 -0.776375
856 308 -0.24236
308 308 4.37232
757 308 -0.449089
462 308 -0.862495
944 309 -1.87797
478 309 -0.375691
810 309 -0.22069
141 309 -0.0499683
835 309 -0.139949
851 309 -1.62423
309 309 4.85942
466 309 -0.570932
594 310 -2.71941
739 310 -0.61033
72 310 -0.512376
681 310 -0.886469
310 310 4.96173
30 311 -0.12098
1003 311 -1.53952
311 311 14.0549
500 312 -0.155076
687 312 -0.593427
517 312 -1.13158
535 312 -2.21407
544 312 -0.638928
312 312 5.37256
509 312 -0.321749
914 312 -0.317722
321 313 -0.745656
190 313 -0.521014
157 313 -0.585535
833 313 -0.286914
162 313 -1.45478
313 313 3.93106
997 313 -0.337154
583 314 -1.17258
181 314 -5.94895
314 314 9.48675
514 314 -0.196292
906 314 -2.16893
525 315 -0.510429
614 315 -0.221641
909 315 -0.485409
305 315 -5.21332
128 315 -0.734117
912 315 -0.0643686
315 315 7.22928
487 316 -1.21622
318 316 -1.26226
316 316 4.77736
330 316 -1.79699
351 316 -0.501888
223 317 -1.2243
341 317 -2.70484
923 317 -1.09677
12 317 -0.25221
251 317 -0.181512
317 317 5.45964
724 318 -0.883613
304 318 -0.409188
487 318 -1.47662
318 318 4.78848
316 318 -1.26226
351 318 -0.756795
388 319 -0.528585
672 319 -0.257344
394 319 -1.42112
513 319 -1.58421
319 319 4.26096
511 319 -0.112699
648 320 -0.841022
986 320 -0.880204
511 320 -1.3534
733 320 -1.38405
667 320 -0.0590196
320 320 4.51769
467 321 -0.454142
669 321 -0.937375
433 321 -0.296769
247 321 -0.670815
833 321 -0.104496
321 321 4.36172
313 321 -0.745656
190 321 -1.15247
472 322 -15.7743
230 322 -0.055147
996 322 -0.759157
4 322 -0.0937922
957 322 -1.01014
589 322 -0.252463
322 322 17.945
978 323 -1.11542
139 323 -2.88229
666 323 -0.305737
323 323 9.05484
381 323 -0.0407701
756 323 -4.71061
358 324 -1.96538
397 324 -172.405
324 324 175.056
812 324 -0.124683
972 324 -0.561245
412 325 -10.137
173 325 -0.0895392
415 325 -1.16322
641 325 -0.651512
98 325 -0.304236
325 325 12.4264
369 325 -0.0809176
250 326 -0.0870553
439 326 -5.2631
475 326 -0.417219
788 326 -0.612648
326 326 7.51733
631 326 -1.13731
175 327 -0.564448
406 327 -0.411378
919 327 -0.317442
890 327 -0.80495
908 327 -0.777958
21 327 -0.347441
114 327 -0.498992
327 327 3.72261
935 328 -0.065404
6 328 -0.186435
459 328 -4.38734
661 328 -0.769386
328 328 6.81069
719 328 -0.397755
89 328 -1.00437
752 329 -0.119294
50 329 -0.56351
952 329 -1.55812
955 329 -0.147266
329 329 6.33864
408 329 -3.48892
431 329 -0.461532
487 330 -0.0280825
110 330 -4.14082
689 330 -0.629279
316 330 -1.79699
330 330 6.93478
351 330 -0.339605
409 331 -0.314662
828 331 -0.0637647
342 331 -1.25518
683 331 -0.0997759
769 331 -0.988516
493 331 -0.422585
983 331 -1.00594
331 331 4.15042
71 332 -0.255709
120 332 -2.13441
449 332 -0.483206
22 332 -1.48127
839 332 -0.584563
646 332 -0.0102538
332 332 4.94941
18 333 -0.596604
156 333 -1.44179
553 333 -0.575061
419 333 -3.68263
296 333 -0.132749
333 333 6.42884
647 334 -0.377836
149 334 -0.813655
744 334 -1.72377
819 334 -0.502545
334 334 5.90167
289 334 -2.06168
959 334 -0.422176
392 335 -0.634517
485 335 -0.514118
888 335 -1.39907
335 335 4.13592
799 335 -1.26591
165 336 -1.05651
931 336 -0.14407
84 336 -0.56881
147 336 -1.01256
1016 336 -0.222069
336 336 4.20623
225 336 -0.412474
304 336 -0.78974
219 337 -1.06798
282 337 -0.242207
9 337 -3.62962
337 337 7.89211
817 337 -0.852637
26 337 -2.09967
544 338 -0.937205
755 338 -0.910011
338 338 5.43258
59 338 -0.424593
460 338 -3.16077
543 339 -0.643972
183 339 -0.577088
35 339 -0.748242
910 339 -3.88766
339 339 6.07119
551 339 -0.214226
413 340 -0.866595
364 340 -0.93595
551 340 -1.09667
968 340 -0.916161
340 340 4.12351
470 340 -0.308133
182 341 -0.0970039
223 341 -0.301133
1020 341 -0.404685
411 341 -1.51309
541 341 -0.249289
317 341 -2.70484
923 341 -0.548994
341 341 5.81904
828 342 -0.323139
331 342 -1.25518
675 342 -1.61317
683 342 -1.21515
37 342 -0.0635119
342 342 4.47015
602 343 -0.0633248
39 343 -0.799844
7 343 -0.704067
577 343 -0.302327
429 343 -0.285163
593 343 -0.838399
837 343 -0.0634359
343 343 3.66159
658 344 -0.225861
938 344 -1.95154
489 344 -0.775055
760 344 -1.39901
435 344 -0.726945
344 344 5.07841
801 345 -0.129533
771 345 -0.336915
702 345 -0.583791
174 345 -5.37375
654 345 -0.337426
249 345 -0.720874
470 345 -0.227735
345 345 7.71003
763 346 -0.384868
238 346 -0.520799
926 346 -0.945867
840 346 -0.0474574
280 346 -3.98631
346 346 6.47627
925 346 -0.59097
412 347 -0.710853
810 347 -0.283933
173 347 -0.132333
361 347 -0.504491
347 347 10.7445
641 347 -0.278335
776 347 -8.83454
738 348 -0.0208388
547 348 -0.0918897
836 348 -0.296664
932 348 -0.851825
674 348 -18.7471
474 348 -1.12446
