%%MatrixMarket matrix coordinate real general
16 16 74
8 1 -0.0865112
9 1 -0.0114965
7 1 -0.64942
6 1 -1.25134
1 1 3.98189
7 2 -0.171279
3 2 -0.18625
16 2 -0.614682
2 2 7.61259
2 3 -0.18625
5 3 -0.0288556
11 3 -6.60903
3 3 9.37045
9 3 -2.04836
7 3 -0.388906
4 4 9.57473
3 5 -0.0288556
11 5 -0.357678
13 5 -0.319544
14 5 -1.00507
9 5 -0.489719
5 5 3.77272
10 6 -0.0234982
8 6 -7.24611
14 6 -0.20906
15 6 -0.214743
1 6 -1.25134
6 6 9.50564
2 7 -0.171279
16 7 -50.7619
3 7 -0.388906
9 7 -0.26047
7 7 52.7065
1 7 -0.64942
14 8 -0.916151
9 8 -1.89687
6 8 -7.24611
1 8 -0.0865112
8 8 10.1456
5 9 -0.489719
14 9 -0.425551
8 9 -1.89687
1 9 -0.0114965
3 9 -2.04836
9 9 5.13247
7 9 -0.26047
6 10 -0.0234982
10 10 9.77158
15 10 -3.51359
5 11 -0.357678
13 11 -0.560432
12 11 -1.14642
11 11 8.72911
3 11 -6.60903
11 12 -1.14642
13 12 -0.238514
12 12 4.89539
5 13 -0.319544
11 13 -0.560432
12 13 -0.238514
13 13 6.347
5 14 -1.00507
9 14 -0.425551
8 14 -0.916151
14 14 3.9732
15 14 -0.637351
6 14 -0.20906
10 15 -3.51359
14 15 -0.637351
15 15 7.47318
6 15 -0.214743
2 16 -0.614682
7 16 -50.7619
16 16 52.5052
