%%MatrixMarket matrix coordinate real general
25 25 159
1 1 0.012419376504194
1 4 9.7076222535e-05
1 7 5.9539866873e-05
1 11 -0.00011342037615
1 14 -0.000215755514181
1 18 4.2444956365e-05
1 20 0.001189145930022
1 24 -0.013942868586723
2 2 0.069967245571825
2 8 0.015684750771706
2 9 -0.039255235975577
2 12 0.038765582198427
2 13 0.006685613802738
2 15 0.007687422612506
2 19 0.053626298784448
2 21 0.001426072725601
2 22 -0.041692027216907
3 3 0.600423808595939
3 6 0.020539383039752
3 23 0.215458249292867
4 1 9.7076222535e-05
4 4 0.421288860281444
4 7 0.064437237077353
4 11 0.004027722456316
4 14 0.007661791990481
4 18 -0.169938244001654
4 20 -0.027656289589282
4 24 1.370542294e-06
5 5 0.107816040610854
5 8 0.022782277293175
5 12 -0.009217824706625
5 16 0.012152771936106
5 17 -0.118152255875261
6 3 0.020539383039752
6 6 0.384733699510298
6 23 0.007555119287283
7 1 5.9539866873e-05
7 4 0.064437237077353
7 7 0.355749127860884
7 11 0.002470327466281
7 14 0.004699215350685
7 18 -0.104228411039239
7 20 -0.016962462664401
7 24 8.4059622e-07
8 2 0.015684750771706
8 5 0.022782277293175
8 8 0.166685186977275
8 12 0.161428114826678
8 16 0.013827344743384
8 17 0.007553897912998
8 19 0.077808933376168
8 22 -0.069508039732382
9 2 -0.039255235975577
9 9 0.187358842462538
9 13 0.036434838467784
9 15 0.041894433238953
9 21 0.007771721630005
9 22 -0.008858091742078
10 10 0.177827941003892
11 1 -0.00011342037615
11 4 0.004027722456316
11 7 0.002470327466281
11 11 0.128165236718147
11 14 -0.035410057329347
11 18 0.009115094078056
11 20 0.002542480043555
11 24 -1.601292454e-06
12 2 0.038765582198427
12 5 -0.009217824706625
12 8 0.161428114826678
12 12 0.500347557561238
12 16 -0.005594613671073
12 17 -0.003056345330088
12 19 0.19230835392086
12 22 -0.171792313879659
13 2 0.006685613802738
13 9 0.036434838467784
13 13 0.079680501357601
13 15 -0.023364283063191
13 21 0.002916757592585
13 22 0.001508633917106
13 25 -0.00021016164325
14 1 -0.000215755514181
14 4 0.007661791990481
14 7 0.004699215350685
14 11 -0.035410057329347
14 14 0.079420644544784
14 18 0.017339316588265
14 20 0.004836468610969
14 24 -3.046081211e-06
15 2 0.007687422612506
15 9 0.041894433238953
15 13 -0.023364283063191
15 15 0.073134685423887
15 21 0.00335382044701
15 22 0.001734695845519
15 25 -0.000241653409286
16 5 0.012152771936106
16 8 0.013827344743384
16 12 -0.005594613671073
16 16 0.053791822049243
16 17 0.004029482978543
17 5 -0.118152255875261
17 8 0.007553897912998
17 12 -0.003056345330088
17 16 0.004029482978543
17 17 0.424983252778484
18 1 4.2444956365e-05
18 4 -0.169938244001654
18 7 -0.104228411039239
18 11 0.009115094078056
18 14 0.017339316588265
18 18 0.158006973760588
18 20 0.018394990234164
18 24 5.99246719e-07
19 2 0.053626298784448
19 8 0.077808933376168
19 12 0.19230835392086
19 19 0.29765219396779
19 22 -0.237648590077311
20 1 0.001189145930022
20 4 -0.027656289589282
20 7 -0.016962462664401
20 11 0.002542480043555
20 14 0.004836468610969
20 18 0.018394990234164
20 20 0.029564782382638
20 24 1.6788609495e-05
21 2 0.001426072725601
21 9 0.007771721630005
21 13 0.002916757592585
21 15 0.00335382044701
21 21 0.021684020369696
21 22 0.000321798677815
21 25 0.002287927822532
22 2 -0.041692027216907
22 8 -0.069508039732382
22 9 -0.008858091742078
22 12 -0.171792313879659
22 13 0.001508633917106
22 15 0.001734695845519
22 19 -0.237648590077311
22 21 0.000321798677815
22 22 0.245320336715382
23 3 0.215458249292867
23 6 0.007555119287283
23 23 0.093931238583674
24 1 -0.013942868586723
24 4 1.370542294e-06
24 7 8.4059622e-07
24 11 -1.601292454e-06
24 14 -3.046081211e-06
24 18 5.99246719e-07
24 20 1.6788609495e-05
24 24 0.9998031516822
25 13 -0.00021016164325
25 15 -0.000241653409286
25 21 0.002287927822532
25 25 0.010482484581133
