%%MatrixMarket matrix coordinate real general
50 50 608
1 1 0.189086682114912
1 3 0.01570055671359
1 12 0.066253957264716
1 15 0.061802616228622
1 17 -0.025011274752481
1 20 -0.040673186461083
1 26 -0.008567344846172
1 31 0.075554382918293
1 38 0.090162255822789
1 40 -0.006973356067452
1 46 0.03931272150345
1 49 0.012811109431587
2 2 0.212453139966881
2 4 -0.005414066664848
2 8 0.042936843316034
2 18 -0.05111834114588
2 21 -0.000829561668864
2 27 0.014753590853276
2 29 0.004980459031016
2 35 -0.232085458111691
3 1 0.01570055671359
3 3 0.368909435082606
3 6 -0.00183223916978
3 10 -0.001623287885443
3 11 1.6266162167e-05
3 12 0.0597463853433
3 13 -0.062651650066705
3 15 0.029238697948448
3 20 -0.019231052403566
3 31 0.058740417018068
3 32 -0.000525896846475
3 33 0.000571454344168
3 36 1.2681644779e-05
3 38 0.008948250978885
3 39 -0.005972279119412
3 46 0.018595455937473
3 48 -0.14217336226294
4 2 -0.005414066664848
4 4 0.514229260960349
4 5 -0.204396997988797
4 8 0.001714948612248
4 17 -1.891962235e-06
4 18 0.068665892227541
4 21 -0.189969292009923
4 23 -0.009789414711861
4 25 0.000709331490679
4 26 -6.48071442e-07
4 27 0.080524154565594
4 28 -0.001007980513772
4 29 0.027183026614303
4 35 0.007326512619161
4 37 -0.009625390672041
4 40 9.362455498e-06
4 41 -0.044492953743333
4 42 -0.030737545997268
4 43 0.016158568544517
4 44 0.066103454521489
4 49 9.6908836e-07
4 50 -0.000753396595346
5 4 -0.204396997988797
5 5 0.126333686797777
5 14 0.010604574842452
5 17 8.74194328e-07
5 18 -0.001582129220715
5 21 0.107632349588184
5 23 -0.028930884550515
5 25 0.002096303820905
5 26 2.99445924e-07
5 27 -0.066821752596442
5 28 0.000465744416747
5 29 -0.022557423782249
5 37 -0.028446140497963
5 40 -4.32598777e-06
5 41 0.012785410480328
5 42 -0.022302483297977
5 43 0.047753792726404
5 44 -0.033509286223206
5 49 -4.47774026e-07
5 50 0.000348112144118
6 3 -0.00183223916978
6 6 0.191632086180072
6 10 -0.105503337781052
6 11 0.005233571147547
6 12 0.000434195573904
6 13 0.000130007584635
6 15 0.00268059933325
6 16 -0.02686416604569
6 20 0.001888729358092
6 32 -0.003730471131976
6 33 0.183863097946793
6 36 0.004080267338652
6 39 0.155657965963649
6 46 -0.002260016785954
6 48 -5.7290988286e-05
7 7 0.56898660290183
8 2 0.042936843316034
8 4 0.001714948612248
8 8 0.084684011022723
8 18 0.016192140517539
8 21 0.00026277024663
8 27 -0.004673317069362
8 29 -0.001577599950709
8 35 -0.058103703529238
9 9 0.47148663634574
10 3 -0.001623287885443
10 6 -0.105503337781052
10 10 0.261309206924994
10 11 0.000936632307528
10 12 0.000384679263852
10 13 0.001172425363027
10 15 0.000300210375879
10 20 0.000456167521225
10 32 -0.030282003325107
10 33 0.03290527879418
10 36 0.000730229914716
10 39 -0.343893631164894
10 48 0.002597474740016
11 3 1.6266162167e-05
11 6 0.005233571147547
11 10 0.000936632307528
11 11 0.23997121214488
11 12 -3.854679964e-06
11 13 -0.00331532242068
11 15 0.023169799930111
11 20 0.035206345451806
11 32 0.001502161184901
11 33 -0.002304335726522
11 36 0.14610145555142
11 39 -0.001381892581904
11 48 0.001460977053772
12 1 0.066253957264716
12 3 0.0597463853433
12 6 0.000434195573904
12 10 0.000384679263852
12 11 -3.854679964e-06
12 12 0.606871656155919
12 13 0.014846898595688
12 15 0.123359614361061
12 20 -0.081187418583902
12 31 0.247875610388904
12 32 0.000124624605148
12 33 -0.000135420610485
12 36 -3.005237593e-06
12 38 0.037760255815379
12 39 0.001415283115076
12 46 0.078469990935599
12 48 0.033691586578781
13 3 -0.062651650066705
13 6 0.000130007584635
13 10 0.001172425363027
13 11 -0.00331532242068
13 12 0.014846898595688
13 13 0.285080532633527
13 15 -0.001062630641792
13 20 -0.001614659667992
13 32 3.7315313363e-05
13 33 -5.7242199169e-05
13 36 0.003629318645401
13 39 -3.4327710799e-05
13 48 -0.087517881526672
14 5 0.010604574842452
14 14 0.04127505294226
14 42 -0.070517772073849
15 1 0.061802616228622
15 3 0.029238697948448
15 6 0.00268059933325
15 10 0.000300210375879
15 11 0.023169799930111
15 12 0.123359614361061
15 13 -0.001062630641792
15 15 0.21844466929555
15 16 0.004672916946021
15 20 -0.017234987051331
15 31 0.231221829665097
15 32 -0.003013456950803
15 33 -0.000738588119425
15 36 0.046828592751921
15 38 0.035223293750263
15 39 -0.00044292566902
15 46 -0.005895470914914
15 48 0.000468273907421
16 6 -0.02686416604569
16 15 0.004672916946021
16 16 0.119062936355332
16 20 -0.003075313536236
16 32 0.093595498094898
16 46 -0.010527922711544
17 1 -0.025011274752481
17 4 -1.891962235e-06
17 5 8.74194328e-07
17 17 0.056507490305902
17 18 -1.4644681e-08
17 21 9.9627853e-07
17 26 -0.007315202969747
17 27 -6.18522941e-07
17 28 0.000417071155979
17 29 -2.08798536e-07
17 31 0.00885669266581
17 38 -0.014254727897218
17 40 0.00814973392433
17 41 -6.21007018e-06
17 42 1.31462735e-07
17 44 1.6275974827e-05
17 49 -0.023317017622397
17 50 0.00031173220577
18 2 -0.05111834114588
18 4 0.068665892227541
18 5 -0.001582129220715
18 8 0.016192140517539
18 17 -1.4644681e-08
18 18 0.824180004661199
18 21 0.009568224025152
18 23 -7.5774689559e-05
18 25 5.490560476e-06
18 26 -5.016379e-09
18 27 -0.178542935601477
18 28 -7.802244849e-06
18 29 -0.060271820256085
18 35 0.069175205009482
18 37 -7.4505066086e-05
18 40 7.2469824e-08
18 41 0.000313360759952
18 42 -0.000237923111268
18 43 0.000125074945869
18 44 0.000762638067175
18 49 7.501201e-09
18 50 -5.831645181e-06
19 19 0.143953986607473
19 22 -0.014193084974107
20 1 -0.040673186461083
20 3 -0.019231052403566
20 6 0.001888729358092
20 10 0.000456167521225
20 11 0.035206345451806
20 12 -0.081187418583902
20 13 -0.001614659667992
20 15 -0.017234987051331
20 16 -0.003075313536236
20 20 0.203598821312349
20 31 -0.152170396105106
20 32 0.003031661021059
20 33 -0.001122279370453
20 36 0.071155712108826
20 38 -0.023180953847945
20 39 -0.00067302238949
20 46 0.003879893804352
20 48 0.000711538856635
21 2 -0.000829561668864
21 4 -0.189969292009923
21 5 0.107632349588184
21 8 0.00026277024663
21 17 9.9627853e-07
21 18 0.009568224025152
21 21 0.238083672053938
21 23 0.005154956857969
21 25 -0.00037352317172
21 26 3.41264562e-07
21 27 -0.065676111673753
21 28 0.000530787203843
21 29 -0.022170682836506
21 35 0.001122593128519
21 37 0.005068584293947
21 40 -4.930126631e-06
21 41 -0.021317952048889
21 42 0.016185924102673
21 43 -0.008508856370402
21 44 -0.051882315288005
21 49 -5.10307187e-07
21 50 0.000396727185461
22 19 -0.014193084974107
22 22 0.179202559762513
23 4 -0.009789414711861
23 5 -0.028930884550515
23 18 -7.5774689559e-05
23 21 0.005154956857969
23 23 0.217061227553002
23 25 0.000108619856513
23 27 -0.003200369155988
23 29 -0.001080368001529
23 37 0.089058087743898
23 42 -0.004350672482293
23 43 -0.227181317246829
24 24 0.115139539932645
25 4 0.000709331490679
25 5 0.002096303820905
25 18 5.490560476e-06
25 21 -0.00037352317172
25 23 0.000108619856513
25 25 0.104749847510628
25 27 0.000231895643505
25 29 7.8282417035e-05
25 37 0.000106799904228
25 42 0.00031524550631
25 43 -0.000179289717354
26 1 -0.008567344846172
26 4 -6.48071442e-07
26 5 2.99445924e-07
26 17 -0.007315202969747
26 18 -5.016379e-09
26 21 3.41264562e-07
26 26 0.092903803042539
26 27 -2.11868423e-07
26 28 0.000142863266828
26 29 -7.1521707e-08
26 31 0.003033765412418
26 38 -0.004882804686782
26 40 0.002791604251493
26 41 -2.127193167e-06
26 42 4.5031155e-08
26 44 5.57516122e-06
26 49 0.003746944795383
26 50 0.000106780535295
27 2 0.014753590853276
27 4 0.080524154565594
27 5 -0.066821752596442
27 8 -0.004673317069362
27 17 -6.18522941e-07
27 18 -0.178542935601477
27 21 -0.065676111673753
27 23 -0.003200369155988
27 25 0.000231895643505
27 26 -2.11868423e-07
27 27 0.274829075069598
27 28 -0.000329530400036
27 29 0.063456851063092
27 35 -0.0199650976347
27 37 -0.003146746187371
27 40 3.060787052e-06
27 41 -0.014758487520181
27 42 -0.010048761548659
27 43 0.005282581839355
27 44 0.021529444641916
27 49 3.16815723e-07
27 50 -0.000246301469183
28 4 -0.001007980513772
28 5 0.000465744416747
28 17 0.000417071155979
28 18 -7.802244849e-06
28 21 0.000530787203843
28 26 0.000142863266828
28 27 -0.000329530400036
28 28 0.052568249847969
28 29 -0.000111241573199
28 40 -0.00206389433385
28 41 -0.00330853841275
28 42 7.0039386946e-05
28 44 0.008671349333986
28 49 -0.000213629424045
28 50 0.031816859618934
29 2 0.004980459031016
29 4 0.027183026614303
29 5 -0.022557423782249
29 8 -0.001577599950709
29 17 -2.08798536e-07
29 18 -0.060271820256085
29 21 -0.022170682836506
29 23 -0.001080368001529
29 25 7.8282417035e-05
29 26 -7.1521707e-08
29 27 0.063456851063092
29 28 -0.000111241573199
29 29 0.108272650964611
29 35 -0.006739738942793
29 37 -0.001062266171203
29 40 1.033248425e-06
29 41 -0.004982112028523
29 42 -0.003392221304174
29 43 0.001783273149605
29 44 0.007267825037711
29 49 1.06949403e-07
29 50 -8.314547887e-05
30 30 0.065512855685955
31 1 0.075554382918293
31 3 0.058740417018068
31 12 0.247875610388904
31 15 0.231221829665097
31 17 0.00885669266581
31 20 -0.152170396105106
31 26 0.003033765412418
31 31 0.496389880297831
31 38 0.043060866773119
31 40 0.002469321222124
31 46 0.147080495128496
31 49 -0.004536516433748
32 3 -0.000525896846475
32 6 -0.003730471131976
32 10 -0.030282003325107
32 11 0.001502161184901
32 12 0.000124624605148
32 13 3.7315313363e-05
32 15 -0.003013456950803
32 16 0.093595498094898
32 20 0.003031661021059
32 32 0.203558415645628
32 33 0.0527731450065
32 36 0.001171135167048
32 39 0.044677591648073
32 46 0.007873961038823
32 48 -1.6443895845e-05
33 3 0.000571454344168
33 6 0.183863097946793
33 10 0.03290527879418
33 11 -0.002304335726522
33 12 -0.000135420610485
33 13 -5.7242199169e-05
33 15 -0.000738588119425
33 20 -0.001122279370453
33 32 0.0527731450065
33 33 0.544100468985259
33 36 -0.00179653730448
33 39 -0.048547931035114
33 48 2.5225160296e-05
34 34 0.044984326689695
35 2 -0.232085458111691
35 4 0.007326512619161
35 8 -0.058103703529238
35 18 0.069175205009482
35 21 0.001122593128519
35 27 -0.0199650976347
35 29 -0.006739738942793
35 35 0.355015663439226
36 3 1.2681644779e-05
36 6 0.004080267338652
36 10 0.000730229914716
36 11 0.14610145555142
36 12 -3.005237593e-06
36 13 0.003629318645401
36 15 0.046828592751921
36 20 0.071155712108826
36 32 0.001171135167048
36 33 -0.00179653730448
36 36 0.16332272129124
36 39 -0.001077369736362
36 48 -0.001599347088743
37 4 -0.009625390672041
37 5 -0.028446140497963
37 18 -7.4505066086e-05
37 21 0.005068584293947
37 23 0.089058087743898
37 25 0.000106799904228
37 27 -0.003146746187371
37 29 -0.001062266171203
37 37 0.214051419369007
37 42 -0.004277775899863
37 43 -0.223374838665301
38 1 0.090162255822789
38 3 0.008948250978885
38 12 0.037760255815379
38 15 0.035223293750263
38 17 -0.014254727897218
38 20 -0.023180953847945
38 26 -0.004882804686782
38 31 0.043060866773119
38 38 0.082274798158317
38 40 -0.003974339343183
38 46 0.022405581221932
38 49 0.007301462273155
39 3 -0.005972279119412
39 6 0.155657965963649
39 10 -0.343893631164894
39 11 -0.001381892581904
39 12 0.001415283115076
39 13 -3.4327710799e-05
39 15 -0.00044292566902
39 20 -0.00067302238949
39 32 0.044677591648073
39 33 -0.048547931035114
39 36 -0.001077369736362
39 39 0.535492944112078
39 48 1.5127336476e-05
40 1 -0.006973356067452
40 4 9.362455498e-06
40 5 -4.32598777e-06
40 17 0.00814973392433
40 18 7.2469824e-08
40 21 -4.930126631e-06
40 26 0.002791604251493
40 27 3.060787052e-06
40 28 -0.00206389433385
40 29 1.033248425e-06
40 31 0.002469321222124
40 38 -0.003974339343183
40 40 0.027887944546922
40 41 3.073079611e-05
40 42 -6.50548929e-07
40 44 -8.0542352888e-05
40 49 -0.004174402711423
40 50 -0.001542620063614
41 4 -0.044492953743333
41 5 0.012785410480328
41 17 -6.21007018e-06
41 18 0.000313360759952
41 21 -0.021317952048889
41 26 -2.127193167e-06
41 27 -0.014758487520181
41 28 -0.00330853841275
41 29 -0.004982112028523
41 40 3.073079611e-05
41 41 0.033807330454965
41 42 0.001922690384888
41 44 -0.002211312033199
41 49 3.180881e-06
41 50 -0.002472906511268
42 4 -0.030737545997268
42 5 -0.022302483297977
42 14 -0.070517772073849
42 17 1.31462735e-07
42 18 -0.000237923111268
42 21 0.016185924102673
42 23 -0.004350672482293
42 25 0.00031524550631
42 26 4.5031155e-08
42 27 -0.010048761548659
42 28 7.0039386946e-05
42 29 -0.003392221304174
42 37 -0.004277775899863
42 40 -6.50548929e-07
42 41 0.001922690384888
42 42 0.271285743243889
42 43 0.007181291383508
42 44 -0.005039179815536
42 49 -6.7336971e-08
42 50 5.2349658495e-05
43 4 0.016158568544517
43 5 0.047753792726404
43 18 0.000125074945869
43 21 -0.008508856370402
43 23 -0.227181317246829
43 25 -0.000179289717354
43 27 0.005282581839355
43 29 0.001783273149605
43 37 -0.223374838665301
43 42 0.007181291383508
43 43 0.408921427474153
44 4 0.066103454521489
44 5 -0.033509286223206
44 17 1.6275974827e-05
44 18 0.000762638067175
44 21 -0.051882315288005
44 26 5.57516122e-06
44 27 0.021529444641916
44 28 0.008671349333986
44 29 0.007267825037711
44 40 -8.0542352888e-05
44 41 -0.002211312033199
44 42 -0.005039179815536
44 44 0.038759236536466
44 49 -8.336771983e-06
44 50 0.0064812414288
45 45 0.015998587196061
46 1 0.03931272150345
46 3 0.018595455937473
46 6 -0.002260016785954
46 12 0.078469990935599
46 15 -0.005895470914914
46 16 -0.010527922711544
46 20 0.003879893804352
46 31 0.147080495128496
46 32 0.007873961038823
46 38 0.022405581221932
46 46 0.239319439733874
47 47 0.013257113655901
48 3 -0.14217336226294
48 6 -5.7290988286e-05
48 10 0.002597474740016
48 11 0.001460977053772
48 12 0.033691586578781
48 13 -0.087517881526672
48 15 0.000468273907421
48 20 0.000711538856635
48 32 -1.6443895845e-05
48 33 2.5225160296e-05
48 36 -0.001599347088743
48 39 1.5127336476e-05
48 48 0.125047437900502
49 1 0.012811109431587
49 4 9.6908836e-07
49 5 -4.47774026e-07
49 17 -0.023317017622397
49 18 7.501201e-09
49 21 -5.10307187e-07
49 26 0.003746944795383
49 27 3.16815723e-07
49 28 -0.000213629424045
49 29 1.06949403e-07
49 31 -0.004536516433748
49 38 0.007301462273155
49 40 -0.004174402711423
49 41 3.180881e-06
49 42 -6.7336971e-08
49 44 -8.336771983e-06
49 49 0.022928699690264
49 50 -0.000159673404934
50 4 -0.000753396595346
50 5 0.000348112144118
50 17 0.00031173220577
50 18 -5.831645181e-06
50 21 0.000396727185461
50 26 0.000106780535295
50 27 -0.000246301469183
50 28 0.031816859618934
50 29 -8.314547887e-05
50 40 -0.001542620063614
50 41 -0.002472906511268
50 42 5.2349658495e-05
50 44 0.0064812414288
50 49 -0.000159673404934
50 50 0.033780929674731
