%%MatrixMarket matrix coordinate real general
500 500 5946
1 1 0.019532812253084
1 235 -0.001281580913145
1 361 0.00206620421843
1 447 -0.05372200522737
1 483 -0.002867765933896
2 2 0.986230389100047
2 36 -0.000350322905375
2 57 1.5753944461e-05
2 64 1.554639997e-06
2 70 -7.7116323626e-05
2 75 -0.001744660389014
2 78 0.001145349013663
2 84 0.00069566258533
2 94 0.000199249582071
2 131 9.1210829239e-05
2 133 0.000340686870818
2 134 -0.000639699494688
2 158 9.67880243e-07
2 162 -0.000486097386585
2 189 -0.012229715635714
2 198 5.93937272e-07
2 200 -0.000110196864465
2 231 0.000194930360479
2 239 -0.001101681500051
2 242 -7.252612549e-06
2 249 0.003101741439623
2 265 4.7292046651e-05
2 295 -4.169474153e-06
2 309 0.000401955446781
2 314 -1.8661423377e-05
2 331 -2.3976797806e-05
2 412 0.000320534500619
2 419 0.050747525417053
2 423 9.4542711e-07
2 430 -3.46566353e-07
2 454 -1.39313038e-07
2 500 0.000439138282205
3 3 0.981711702275219
4 4 0.628111106996365
4 52 0.010320802331584
4 96 0.025915614620382
4 147 -0.012405684085804
4 255 0.001766187123565
4 398 -0.023878639805904
5 5 0.902942914968209
5 12 -0.000319928400875
5 15 0.000205834146657
5 20 -0.000399089607059
5 26 0.001283835332454
5 241 0.000209120651421
5 333 -0.001846579302842
5 338 -0.003053663511064
5 380 0.001040061272362
5 388 0.002690027181905
5 416 -3.7530173033e-05
6 6 0.954904455751808
7 7 0.241412587602006
7 90 0.026163334720468
7 135 0.001593222710165
7 220 -0.234851017674359
7 336 0.280520959907436
8 8 0.056695260383204
8 16 0.000213448151919
8 44 -0.000106541144128
8 50 0.000559123451089
8 92 -2.138567282e-06
8 110 0.020206742396225
8 133 -0.003158908669781
8 144 -0.000206314563792
8 182 9.4708446333e-05
8 231 0.005520939412734
8 232 -0.012024555563972
8 256 -0.003057587083413
8 275 0.002063673517683
8 279 0.001334839172472
8 285 -0.000753192908504
8 327 -0.008839079879833
8 371 0.001350697890281
8 376 1.8367324668e-05
8 377 -0.000568430063924
8 386 -0.115104235830932
8 405 -0.020501014381264
8 440 0.00015461715924
8 448 -0.000133559111013
8 476 5.1578481865e-05
8 491 -3.423126009e-06
9 9 0.142855060569541
9 212 -0.001450442255873
9 271 0.046486113547242
9 316 -0.016795446235714
9 485 -0.000142288820433
10 10 0.882337366526908
10 57 -1.4072362435e-05
10 64 -0.082891607887335
10 158 0.130440710543929
10 242 6.478465926e-06
10 295 3.724422895e-06
10 314 -5.745376531e-06
10 331 -7.381844816e-06
10 454 -0.018775144708546
10 477 -3.3402776063e-05
10 484 -0.021569724835737
11 11 0.495039706338655
11 18 -0.07617581351715
11 25 -0.024995922316198
11 68 -0.117934193848175
11 134 -0.01013294957014
11 176 -0.135179983991853
11 200 -0.01178151494066
11 239 0.022741711433365
11 297 0.079509598809352
11 309 0.042974399723054
11 399 0.354422052814952
11 436 0.032363880071337
12 5 -0.000319928400875
12 12 0.053725623886439
12 15 0.000125886842421
12 20 -0.000244080641097
12 26 0.000785185445737
12 241 0.000127896847631
12 333 -0.001129356044611
12 338 0.087138108481108
12 380 0.000636094795875
12 388 0.001645203351611
12 416 -2.2953212843e-05
13 13 0.740202902215131
13 19 0.002040075663006
13 42 -0.000214062197233
13 72 -0.063570454359332
13 73 0.000142023597764
13 81 -0.033357855948579
13 95 -0.000749029214646
13 113 -0.101201991448176
13 143 0.001241259071373
13 152 -0.013007629084513
13 167 -0.000364997904995
13 181 -0.034788217667843
13 190 -0.010667260141898
13 202 -0.006152641442119
13 216 0.001586961401401
13 218 0.0106283692999
13 228 -0.001176556813751
13 240 -0.001238018204757
13 282 0.010190691250254
13 325 0.004453083159306
13 351 -0.000895398035937
13 391 -0.001251095236165
13 423 -0.004324808166605
13 430 -0.011798003049041
13 431 -0.256059659039499
13 449 -0.085105121037157
13 482 0.028561131232593
14 14 0.633314572424487
14 25 -0.001590572581116
14 37 -0.088449685373284
14 120 -0.006438755400375
14 134 0.000154622701573
14 200 0.000179778815254
14 239 -0.000347024806142
14 250 0.002621861599959
14 251 -0.364427857350369
14 289 0.033958843667984
14 309 -0.000655763431731
14 367 0.002390381306186
14 417 -0.003109041380062
15 5 0.000205834146657
15 12 0.000125886842421
15 15 0.055130658773591
15 20 -0.048208886915711
15 26 0.003174889188473
15 241 0.025261178586861
15 333 -0.004566539427642
15 338 0.001201569026604
15 380 0.12563643697515
15 388 0.006652362651684
15 416 -0.004533537921499
16 8 0.000213448151919
16 16 0.253786064896212
16 44 0.000390122225105
16 50 0.014670846170813
16 66 0.000536319326954
16 89 6.946384036e-05
16 92 0.00567879530118
16 96 0.004053280657358
16 110 -0.016965648625491
16 115 0.000141547145852
16 132 2.90649737e-07
16 133 0.001586426858772
16 144 0.000755463040657
16 178 0.003202971281527
16 182 -0.000346794378096
16 203 0.000368502195844
16 231 -0.002772655839595
16 232 0.068997432057925
16 252 -0.005154066343126
16 256 -0.004307981425327
16 275 0.336249448770536
16 279 -0.004887787083418
16 285 0.002757970132606
16 299 0.016277690602165
16 305 -8.3775942056e-05
16 326 7.04952e-08
16 327 -0.045003216495487
16 371 -0.004945857027472
16 376 0.000481940427019
16 377 -0.001172187095611
16 385 -0.004622731740824
16 386 0.018315859999552
16 393 0.00019515974276
16 398 0.004399047027727
16 405 0.002478355897034
16 423 2.8912449e-08
16 426 0.006434698674218
16 430 7.8872669e-08
16 440 0.004057001283267
16 448 -0.003504458932209
16 449 -1.2403258e-08
16 476 0.001353368333392
16 487 -5.0746989e-08
16 491 -0.003672652536883
17 17 0.714230004972682
17 35 0.012739710467313
17 193 -0.009285670918737
17 272 -0.152602733908222
17 444 0.030643041593633
17 464 -0.025468368389878
18 11 -0.07617581351715
18 18 0.65747349107048
18 25 -0.020012368110885
18 68 -0.107417384005402
18 134 -0.008112695914216
18 176 -0.108228516901552
18 200 -0.009432579078852
18 239 0.018207589818804
18 297 -0.019766113993889
18 309 0.034406392199609
18 399 -0.057487275500106
18 436 -0.271663354038861
19 13 0.002040075663006
19 19 0.397217496993236
19 28 -0.004706372126638
19 29 -1.908918466e-06
19 38 -0.003494526498983
19 42 0.00139803532285
19 45 0.004466894240776
19 72 -0.000224612376842
19 73 -0.000672416984269
19 76 -0.001064505223269
19 81 -0.000117862730202
19 95 -0.00259535482833
19 102 -0.004699727259737
19 113 0.008316961761576
19 118 0.005195993053415
19 140 1.4112534867e-05
19 143 -0.008106634655818
19 146 0.022451317719789
19 148 0.007761672614546
19 151 -0.00730813406618
19 152 0.001068990364286
19 159 -0.007564441798503
19 160 0.023593410863869
19 167 0.001728098670962
19 177 -0.003096448137047
19 181 -0.0001229166023
19 184 -0.00194861340674
19 193 0.009199752947817
19 202 0.044053353280974
19 216 -0.007513538711045
19 218 3.7553031742e-05
19 228 -0.004076720036637
19 240 0.005861451764493
19 263 0.00188493357195
19 269 -0.002232864949222
19 291 0.022744150750608
19 292 -0.001275197169638
19 329 0.005704639898542
19 351 -0.003102516658103
19 391 -0.00433499254554
19 409 -0.077919555083733
19 415 -0.003283573379394
19 423 0.000355420517256
19 430 0.000969581120072
19 431 -0.000904731124073
19 449 0.006994091986251
19 452 -0.006632317994786
19 464 -0.003354195176518
19 482 -0.014357784085809
20 5 -0.000399089607059
20 12 -0.000244080641097
20 15 -0.048208886915711
20 20 0.119210068771153
20 26 -0.006155758406781
20 161 -0.009627639746004
20 241 -0.049533814604027
20 333 0.008854014046749
20 338 -0.002329709226923
20 380 -0.245217419862042
20 388 -0.012898194200524
20 402 0.013629914183739
20 416 0.008889665465595
20 433 0.003612913983746
21 21 0.705910102473605
21 59 -0.122945945054544
22 22 0.604066718664085
22 23 0.280793621309845
22 122 -0.152357464340261
22 497 -0.161535985049465
23 22 0.280793621309845
23 23 0.338058477650312
23 122 -0.005803130728176
23 497 0.20640663669034
24 24 0.808752490877044
25 11 -0.024995922316198
25 14 -0.001590572581116
25 18 -0.020012368110885
25 25 0.087605407084977
25 37 -0.00283704440657
25 68 -0.030982832885911
25 134 0.001282590199897
25 176 0.037335110174359
25 200 0.001491259331573
25 239 -0.002878559299187
25 250 0.021300665906847
25 251 -0.002285424330261
25 289 -0.004302785945979
25 297 0.020888196479363
25 309 -0.005439535995883
25 367 0.000175146177257
25 399 -0.018863565825221
25 417 -0.000227803284456
25 436 0.008502408462475
26 5 0.001283835332454
26 12 0.000785185445737
26 15 0.003174889188473
26 20 -0.006155758406781
26 26 0.14386768133119
26 174 -8.4815423096e-05
26 201 0.000310841332413
26 241 0.003225581887488
26 306 -0.006863474754206
26 333 -0.172575827592455
26 338 0.007494464819335
26 380 0.016042427083206
26 388 0.262292076001762
26 416 -0.000578884225672
26 479 0.001630405091563
26 488 -0.000832898699362
27 27 0.142061488657427
27 111 0.000152431299421
27 132 0.000330976543596
27 144 -0.049481010975481
27 214 0.002579449963358
27 285 0.013553836049339
27 288 -0.03912683519284
27 291 0.000115163160736
27 326 8.0276204669e-05
27 360 -0.002189463637972
27 370 -9.6011001832e-05
27 393 -5.79018116e-07
27 397 0.106691306376676
27 423 3.2923967442e-05
27 430 8.9816022655e-05
27 449 -1.4124174171e-05
27 452 0.000394928031309
27 487 -5.7787986542e-05
28 19 -0.004706372126638
28 28 0.405441095285092
28 29 -0.000148791496102
28 76 -0.082973331547333
28 95 -0.016836548792987
28 140 0.001100007786619
28 151 0.106593359879418
28 184 -0.151885535853478
28 193 -0.128522487356237
28 202 0.014193895213534
28 228 -0.026446440025449
28 263 0.14692198290001
28 351 -0.020126601775228
28 391 -0.028121901758299
28 464 0.04685881344962
29 19 -1.908918466e-06
29 28 -0.000148791496102
29 29 0.334736573405041
29 76 3.1447485567e-05
29 77 -0.068528361254492
29 93 -0.06095114825658
29 95 -6.828954029e-06
29 140 0.033221581147107
29 151 4.3234582297e-05
29 171 -0.020881599327341
29 184 5.7565703432e-05
29 193 -5.2129101315e-05
29 202 5.757085914e-06
29 228 -1.0726754359e-05
29 263 -0.000472284814955
29 351 -8.163409257e-06
29 391 -1.1406326598e-05
29 429 0.043414319021039
29 464 1.9006073443e-05
30 30 0.494137284073627
30 139 -0.024962573344593
30 372 0.35382443963465
30 411 -0.000122439086993
31 31 0.750208290798783
31 60 0.036769475620063
32 32 0.751192949332095
33 33 0.631314713472417
33 57 0.001367329647179
33 242 0.002232300464252
33 295 0.001283333285072
33 354 0.258350125971188
33 376 5.6337672907e-05
33 440 -5.9467988464e-05
33 476 0.000158205492246
34 34 0.35715031261042
34 64 -0.003531699385785
34 114 -0.109140867879021
34 136 0.000858406906471
34 158 -0.002198748305521
34 198 0.003330048531064
34 223 -0.005216619832719
34 356 0.14655958283863
34 423 0.005300758696073
34 430 -0.001943105490199
34 454 0.000316479551834
35 17 0.012739710467313
35 35 0.49944706670703
35 56 -0.225169105544617
35 193 0.007191121816701
35 272 0.11818045876269
35 444 0.068301525481715
35 464 0.019723522529178
36 2 -0.000350322905375
36 36 0.576605962495852
36 70 0.000414957612703
36 78 0.083138966175538
36 83 -0.000939208482349
36 84 -0.00374331233756
36 111 -0.001590802310663
36 123 0.000683171833696
36 131 -0.00049079917421
36 133 -0.001833212528127
36 134 0.03011654388296
36 150 0.005128953771468
36 156 0.010495103484064
36 158 0.026618222383044
36 180 -0.002170201057459
36 208 0.048737715977675
36 210 0.000901259677246
36 231 -0.001048906810188
36 239 0.013418929410265
36 249 0.028209885858886
36 262 0.012016775689546
36 303 0.112763304166612
36 312 0.059311979145068
36 313 0.000698174495813
36 314 -8.0073390373e-05
36 331 6.2322060311e-05
36 368 0.014796112891006
36 370 -0.002525627883376
36 419 0.003878896488544
36 454 0.184930656725115
36 500 -0.012738201587323
37 14 -0.088449685373284
37 25 -0.00283704440657
37 37 0.559553121961877
37 134 0.00027579468918
37 200 0.000320664701688
37 239 -0.000618975076583
37 250 0.004676515787633
37 251 -0.127089493026551
37 289 -0.239272364976448
37 309 -0.0011696605349
37 367 0.009739652535571
37 417 -0.012667846206022
38 19 -0.003494526498983
38 38 0.189270496034477
38 42 0.000366675625922
38 73 0.002772448729107
38 95 0.001283041843279
38 143 -0.002126201883426
38 159 0.054089976006661
38 167 -0.007125139721573
38 177 0.014748043209246
38 202 0.010539103499009
38 216 0.030979141422434
38 228 0.002015370820685
38 240 -0.024167406349561
38 291 -0.02871150273618
38 329 -0.040791355589499
38 351 0.001533762801281
38 391 0.002143050640136
38 452 0.008372430271964
39 39 0.704198978544928
40 40 0.697729964966552
41 41 0.304918186168066
41 150 -0.018911130341304
41 208 0.018552358089527
41 339 0.078171092275238
41 368 -0.054555223520051
41 427 -0.152387589288126
42 13 -0.000214062197233
42 19 0.00139803532285
42 38 0.000366675625922
42 42 0.677170048569199
42 72 2.3568252778e-05
42 73 7.0555744436e-05
42 81 1.2367166305e-05
42 95 -0.000513299246156
42 113 -0.000872686803371
42 143 0.045226821969478
42 152 -0.000112167617285
42 159 0.000793725968889
42 167 -0.000181326901374
42 177 0.000324905837491
42 181 1.2897461816e-05
42 202 -0.004216319139966
42 216 0.000788384781332
42 218 -3.940385464e-06
42 228 -0.000806277931153
42 240 -0.00061503368058
42 291 -0.00238651093788
42 329 -0.000598579637632
42 351 -0.000613603752522
42 391 -0.000857358069666
42 423 -3.7293762307e-05
42 430 -0.000101736748652
42 431 9.4932132095e-05
42 449 -0.000733879985617
42 452 0.000695919562423
42 482 0.001506541578106
43 43 0.025951626059558
43 293 0.017823588407562
43 401 0.009885012160846
44 8 -0.000106541144128
44 16 0.000390122225105
44 44 0.399575246180495
44 50 0.000644364727423
44 66 -0.000165212298663
44 89 -2.139822334e-05
44 92 -2.46460298e-06
44 133 6.9678156156e-05
44 144 -0.005567990723917
44 178 0.000140679119168
44 182 -0.301168520673218
44 203 -0.000113516503653
44 231 -0.000121779044202
44 232 0.0006129164763
44 237 0.007223348553365
44 256 0.000971485743582
44 275 -0.000331895162986
44 279 -0.002287794656106
44 285 -0.020327072654458
44 298 0.000320991834225
44 299 0.000714939652821
44 305 2.5807043051e-05
44 327 -0.000361254183165
44 341 -1.4590656228e-05
44 348 -0.001869877861485
44 371 0.036452459708478
44 376 2.1167518783e-05
44 377 -0.005976063036349
44 386 0.000804458992939
44 400 -2.9974358913e-05
44 405 4.8429685077e-05
44 413 0.005430520862641
44 440 0.000178189348836
44 448 0.000511140698309
44 476 5.944188952e-05
44 489 -0.000118975527989
44 491 -3.944999362e-06
45 19 0.004466894240776
45 45 0.202855725709901
45 67 0.021130346955479
45 83 0.013006878250274
45 102 -0.000215088889259
45 116 -0.002416982961743
45 118 -0.067325857766886
45 123 0.017881548651449
45 146 0.001027512603151
45 148 0.000793551009719
45 160 -0.013597122574331
45 202 0.001481120314837
45 269 -0.075301809050821
45 292 0.063135943401855
45 409 -0.007966471234265
45 415 -0.110736216135965
45 435 -0.009335367501126
46 46 0.660144909273487
47 47 0.450033742104695
47 200 0.001349668631593
47 309 0.000370014270136
47 337 -0.008853202275002
47 494 0.295905573614227
48 48 0.031553457427381
48 471 -0.106752957670826
49 49 0.0776496284236
49 83 -0.00741576099998
49 123 0.005394158097825
49 154 0.025112018673033
49 261 -0.005165555495935
49 310 0.080365178735571
49 313 -0.01493865269753
49 314 0.001713308888059
49 331 -0.001333488433001
49 403 -0.004042161166775
50 8 0.000559123451089
50 16 0.014670846170813
50 44 0.000644364727423
50 50 0.430202648038712
50 92 0.000546063235769
50 98 0.039669941166592
50 133 0.019105194904925
50 144 0.001247798010331
50 182 -0.000572800139377
50 231 -0.033390843029939
50 232 0.023049195253976
50 256 -0.000108831012355
50 260 0.018593182998806
50 275 -0.012481172739382
50 279 -0.00807315602403
50 285 0.004555338195003
50 327 -0.013585241262151
50 371 -0.008169070128031
50 376 0.000940775074809
50 377 0.003798560417216
50 386 -0.004221767018489
50 405 -0.000254156953888
50 439 -0.000541186327763
50 440 0.007919496833618
50 448 0.034103074958586
50 476 0.002641851821743
50 491 0.000874063341672
51 51 0.434616023408069
51 83 -0.083738674344508
51 123 0.060910761325479
51 180 0.064704194595873
51 206 -0.189670733127068
51 210 -0.026870911954209
51 313 0.062248380247063
51 314 -0.007139245104897
51 331 0.005556558326455
52 4 0.010320802331584
52 52 0.459797502541312
52 96 0.109626699209898
52 147 -0.000328410645577
52 398 -0.101010008903456
53 53 0.043422093764885
53 258 -0.002079934739189
53 276 7.94107266e-06
53 322 0.002150583755495
53 332 -0.004624291239936
53 363 -0.065260787878343
54 54 0.422365370041569
54 126 0.03861325580349
54 221 0.15015282411723
54 390 -0.008920036893412
55 55 0.607529168901606
56 35 -0.225169105544617
56 56 0.147663941394223
56 444 0.093613070427654
57 2 1.5753944461e-05
57 10 -1.4072362435e-05
57 33 0.001367329647179
57 57 0.199160237883437
57 64 0.000521797515255
57 113 -0.007301417478005
57 119 0.052299221587866
57 134 0.001010344805421
57 152 0.001269696232343
57 158 0.00032485817086
57 198 0.0001993483978
57 236 0.08946633419595
57 239 0.000450176012117
57 242 -0.06218460139548
57 249 -0.001268592399335
57 265 -0.09315464322869
57 295 -0.035749474619451
57 308 0.014967360776682
57 314 -0.064956323871933
57 331 -0.083457977040743
57 354 -0.003126726343933
57 376 0.000423122104145
57 419 -0.000174433127018
57 423 0.000739473720591
57 430 0.001035301512891
57 440 -0.000446632228662
57 449 0.008307251908238
57 454 -4.6758861878e-05
57 476 0.001188196766249
57 477 -0.050321116916564
57 484 -0.00056804270518
58 58 0.2775382364855
58 246 0.233048870872385
59 21 -0.122945945054544
59 59 0.711057693690323
60 31 0.036769475620063
60 60 0.588081665336763
61 61 0.186464361864187
61 88 -0.002823219225306
61 98 -0.002092430934077
61 148 -0.109880970599798
61 169 0.167985913501689
61 196 -0.011497589150957
61 211 -0.015986536694211
61 260 0.004460578285545
61 339 0.000681306593948
61 349 -0.001102525581973
61 353 0.040826916218969
61 364 -0.037591566519184
61 387 -0.013972403291176
61 392 0.01164204441704
61 395 7.5897790574e-05
61 409 -0.010945392584027
61 427 0.000349493557002
61 439 -0.000129832744733
61 442 0.022371683586625
61 474 0.031023595815954
62 62 0.013052938462486
62 129 0.001437497937668
62 381 -0.000247034380785
62 443 4.8648983504e-05
62 493 -0.033641101042825
63 63 0.291459027109689
63 207 0.196871534889548
64 2 1.554639997e-06
64 10 -0.082891607887335
64 34 -0.003531699385785
64 57 0.000521797515255
64 64 0.237889346716423
64 134 9.9703439314e-05
64 136 -5.1746255366e-05
64 158 -0.021391104554724
64 198 -0.092369447723507
64 223 0.000314466880422
64 239 4.4424533549e-05
64 242 -0.000240218899871
64 249 -0.000125187980007
64 265 0.001566393260736
64 295 -0.000138100096669
64 314 -0.000618098176818
64 331 -0.000794152445442
64 356 -0.009089656903051
64 419 -1.7213512259e-05
64 423 -0.147033338614837
64 430 0.053898187766299
64 454 0.003078955042608
64 484 0.002053508897012
65 65 0.463773476432443
65 103 -0.011193135209265
65 278 -0.041545806619117
65 445 -0.006662612038494
65 450 0.068912331374571
66 16 0.000536319326954
66 44 -0.000165212298663
66 66 0.109307482386134
66 89 0.007049850150902
66 144 -0.000319929953922
66 182 0.0001468634512
66 203 0.063385251589222
66 232 0.000842605037332
66 275 -0.000456271852711
66 279 0.002069921905141
66 285 -0.001167968795239
66 305 -0.008502378139306
66 326 -0.004860313854733
66 327 -0.000496633075243
66 371 0.002094513862028
66 468 -0.023416606105037
66 487 -0.006751706939494
67 45 0.021130346955479
67 67 0.351903129548997
67 83 0.018850041098857
67 116 0.012135873368279
67 123 0.025914590765385
67 148 0.000635241412809
67 160 -0.021270303884534
67 292 0.074017593018843
67 409 -0.006377198667725
67 435 -0.14742140076725
68 11 -0.117934193848175
68 18 -0.107417384005402
68 25 -0.030982832885911
68 68 0.688496552017503
68 134 -0.012559947946772
68 176 -0.16755768403175
68 200 -0.014603370259027
68 239 0.028188703579982
68 297 -0.030601586143292
68 309 0.053267434109798
68 399 -0.089000893848105
68 436 0.045637101502629
69 69 0.033155190011232
69 125 0.001034190812139
69 144 -1.4228888247e-05
69 285 -5.1945425116e-05
69 307 0.003137825346654
69 328 -0.007867025693117
69 342 -0.003820207465004
69 371 -3.1139867028e-05
69 373 0.000970765249569
69 407 0.000189071887792
70 2 -7.7116323626e-05
70 36 0.000414957612703
70 70 0.140001603745494
70 78 -0.001356666335914
70 84 -0.014405190921332
70 131 0.002798690017624
70 133 -0.006674596669726
70 134 0.00662953266525
70 191 0.06547731381849
70 205 0.089701592457189
70 229 -0.001547859319817
70 231 -0.003818995230894
70 239 0.002953899066365
70 249 0.00620982143606
70 268 -0.001455690307486
70 406 0.001424033619688
70 408 0.076630751797925
70 419 0.000853858632513
70 458 0.007386941065896
70 459 -0.048605329148126
70 500 -0.000520159459843
71 71 0.524129830220604
72 13 -0.063570454359332
72 19 -0.000224612376842
72 42 2.3568252778e-05
72 72 0.165358853339667
72 73 -1.563680134e-05
72 81 -0.016741199399556
72 95 8.2468133549e-05
72 113 0.011142341557502
72 143 -0.000136662651956
72 144 0.000116855796134
72 152 0.001432140257706
72 167 4.0186277632e-05
72 174 0.012204777528993
72 180 -0.000177330359414
72 181 -0.012762883332102
72 189 -1.8437919993e-05
72 190 -0.005434758081382
72 201 0.003330166428894
72 202 0.00067740596255
72 210 -0.000427005160928
72 216 -0.000174724486346
72 218 0.0053340253647
72 222 0.000606373763194
72 228 0.000129538931922
72 240 0.000136305832468
72 254 2.6999227589e-05
72 282 0.005191955655947
72 285 0.000426605642124
72 325 0.002268757803332
72 345 0.013768427244052
72 346 0.00019992843182
72 351 9.8583344098e-05
72 371 0.00025573845896
72 391 0.000137745613924
72 404 0.001408345946696
72 407 0.00016811912907
72 412 -0.000703482832576
72 423 0.000476161477392
72 430 0.001298960403721
72 431 0.034481879270478
72 437 0.003076528887719
72 449 0.009370075759568
72 482 -0.003144581197547
73 13 0.000142023597764
73 19 -0.000672416984269
73 38 0.002772448729107
73 42 7.0555744436e-05
73 72 -1.563680134e-05
73 73 0.478819555070292
73 81 -8.205229487e-06
73 95 0.000246882983203
73 112 0.015574776633826
73 113 0.000579000501435
73 143 -0.000409123885258
73 152 7.4419718966e-05
73 159 0.006001393051895
73 167 0.091812130675382
73 177 0.002456625727348
73 181 -8.557064034e-06
73 199 0.015536839341997
73 202 0.002027934884388
73 216 0.006964540239337
73 218 2.614322974e-06
73 228 0.00038779776597
73 240 -0.005433167811424
73 291 -0.018044502412982
73 329 -0.004525884019288
73 347 -0.002302429128671
73 351 0.000295126723956
73 391 0.000412365923966
73 423 2.4743249231e-05
73 430 6.7499162651e-05
73 431 -6.2984511594e-05
73 449 0.000486906503025
73 452 0.005261874992513
73 482 -0.000999543393788
74 74 0.509817606442041
75 2 -0.001744660389014
75 75 0.082872972368953
75 94 -0.00071060127051
75 134 0.035736825039716
75 162 -0.039965257434756
75 189 0.010634834671347
75 200 -0.012971310715417
75 239 -0.080205329847175
75 249 -0.002677845455822
75 309 0.047314313517736
75 412 -0.000278733498152
75 419 0.019317483820828
76 19 -0.001064505223269
76 28 -0.082973331547333
76 29 3.1447485567e-05
76 76 0.195072331134697
76 95 -0.003808154912042
76 140 -0.000232489624067
76 151 0.024109693263562
76 184 0.208529800651244
76 193 -0.029069707073069
76 202 0.003210429432007
76 228 -0.005981756815322
76 263 -0.031052358889772
76 274 0.007211527289282
76 351 -0.004552311661698
76 391 -0.006360719149369
76 464 0.010598705400063
77 29 -0.068528361254492
77 77 0.280532011393158
77 93 0.068633578818436
77 140 -0.009269422926391
77 171 0.023513566754394
77 429 -0.165524375766043
78 2 0.001145349013663
78 36 0.083138966175538
78 70 -0.001356666335914
78 78 0.330219994530269
78 83 0.003070657077734
78 84 0.012238420690954
78 111 0.005200984090664
78 123 -0.002233568441803
78 131 0.001604623453001
78 133 0.005993522343843
78 134 -0.098463312852355
78 150 0.001568770711216
78 156 -0.034312790398033
78 158 0.008141599538575
78 180 0.007095275822602
78 208 0.014907192531678
78 210 -0.002946586896116
78 231 0.003429305826255
78 239 -0.043871974480251
78 249 -0.092229667110784
78 262 -0.039287759870274
78 303 0.03449041983194
78 312 0.018141496268627
78 313 -0.002282618286943
78 314 0.000261792698328
78 331 -0.000203756332263
78 368 0.004525622490962
78 370 0.008257311642263
78 419 -0.012681700794011
78 454 0.056563933075439
78 500 0.041646396510279
79 79 0.486827104012226
80 80 0.05426627616467
80 98 0.000968364941756
80 119 0.000527975824756
80 236 -0.000308638158701
80 260 -0.002064329847802
80 306 -0.017227646104703
80 349 -0.010196718286407
80 394 0.012254893582455
80 439 6.0085843811e-05
80 456 0.005737662529377
80 463 -0.053999310463054
80 479 -0.072522782666663
81 13 -0.033357855948579
81 19 -0.000117862730202
81 42 1.2367166305e-05
81 72 -0.016741199399556
81 73 -8.205229487e-06
81 81 0.188527649052149
81 93 -6.8196738e-07
81 95 4.3274193129e-05
81 113 0.005846814032571
81 143 -7.1712135826e-05
81 152 0.000751498929749
81 167 2.1087281409e-05
81 171 1.99058962e-06
81 174 -0.027438626176613
81 175 0.002921956117175
81 181 -0.009161433477265
81 189 4.1451898076e-05
81 190 -0.00285182604122
81 201 -0.007486837964171
81 202 0.000355460893668
81 216 -9.1684640372e-05
81 218 -0.005111095450581
81 228 6.797404666e-05
81 234 0.006331219865852
81 240 7.1524898953e-05
81 244 0.000533158495085
81 259 -0.046974658459707
81 260 -0.000119012799428
81 267 -0.000109723692035
81 282 0.002724418294756
81 325 0.001190504248373
81 344 -0.004751797745835
81 345 -0.030954003650783
81 346 -0.000449476566841
81 351 5.173046228e-05
81 352 4.1774514469e-05
81 391 7.2280407512e-05
81 412 0.001581561189367
81 423 0.000249860192619
81 430 0.000681614351618
81 431 0.018093964769218
81 439 -0.004088844535511
81 447 0.000364302184497
81 449 0.004916838184736
81 451 1.8121184875e-05
81 482 -0.001650082379677
81 483 -0.006824491367504
82 82 0.37948979099764
82 106 0.00185288562046
83 36 -0.000939208482349
83 45 0.013006878250274
83 49 -0.00741576099998
83 51 -0.083738674344508
83 67 0.018850041098857
83 78 0.003070657077734
83 83 0.263688947073323
83 111 0.002704802923589
83 116 -0.00215615144702
83 123 0.022424367313505
83 148 -0.000347941500221
83 154 -0.035070476149117
83 156 -0.005524407406149
83 160 0.011650407694658
83 180 0.055174434226497
83 206 0.044269818748219
83 210 -0.022913311470506
83 261 -0.002920855112623
83 262 -0.009529207499534
83 292 0.045561855789821
83 310 0.001215216388336
83 313 -0.064393733264428
83 314 0.007385294897144
83 331 -0.00574806176999
83 370 0.004294264370289
83 403 0.005645126289369
83 409 0.003492990266249
83 435 -0.008327930508663
83 500 -0.008758061994173
84 2 0.00069566258533
84 36 -0.00374331233756
84 70 -0.014405190921332
84 78 0.012238420690954
84 84 0.268353267361381
84 131 -0.025246845825353
84 133 0.060211210246867
84 134 -0.059804690065599
84 191 0.007258360344587
84 205 0.009943695664463
84 229 0.013963163251612
84 231 0.034450969273115
84 239 -0.026646979066118
84 249 -0.056018495586114
84 268 -0.000161367719378
84 406 0.000157858478788
84 408 0.00849475303107
84 419 -0.00770261698007
84 458 -0.066637234219303
84 459 -0.005388049280738
84 500 0.004692333057454
85 85 0.460602884420238
86 86 0.402559444349891
86 99 0.001540816202938
86 100 -0.006000534313641
87 87 0.170502218065986
87 117 -0.142501590042117
87 253 -0.01200454486486
87 287 0.042183198611297
87 335 -0.021400818466404
87 358 0.001377143280591
88 61 -0.002823219225306
88 88 0.14497402449537
88 98 0.000160970036587
88 169 0.001712689757045
88 211 0.005601530652407
88 260 -0.000343150848197
88 349 8.4816937265e-05
88 353 -0.003042440876756
88 364 0.002801341105114
88 392 0.033839922193582
88 439 9.987991159e-06
88 442 -0.001280487664517
88 474 -0.002311892858823
89 16 6.946384036e-05
89 44 -2.139822334e-05
89 66 0.007049850150902
89 89 0.288485699843024
89 144 -4.1437185141e-05
89 182 1.9021688789e-05
89 203 0.004843915052863
89 232 0.000109133829153
89 275 -5.9096127147e-05
89 279 0.000268095363246
89 285 -0.000151274798166
89 305 0.187446994552218
89 327 -6.4323694714e-05
89 371 0.000271280502549
90 7 0.026163334720468
90 90 0.436379124124522
90 135 -0.000851735453899
90 220 0.030991917733143
90 336 -0.037018713386749
91 91 0.435791301239701
92 8 -2.138567282e-06
92 16 0.00567879530118
92 44 -2.46460298e-06
92 50 0.000546063235769
92 92 0.020584131875597
92 96 0.003774192000983
92 98 0.002624906127489
92 133 -7.3074639711e-05
92 144 -4.772649036e-06
92 182 2.19087866e-06
92 231 0.00012771520187
92 232 -0.003085529891239
92 256 -0.000167653570027
92 260 0.001230285665868
92 275 -0.002649983029986
92 279 3.0878667855e-05
92 285 -1.7423517479e-05
92 327 0.003638186821949
92 371 3.1245525594e-05
92 376 -3.598330191e-06
92 377 0.000913944395392
92 386 1.6147655408e-05
92 398 0.004096150626495
92 405 9.72114021e-07
92 426 0.005991637470474
92 439 -3.5809564272e-05
92 440 -3.0290943415e-05
92 448 0.008434018511562
92 476 -1.0104705605e-05
92 491 0.006880322546384
93 29 -0.06095114825658
93 77 0.068633578818436
93 81 -6.8196738e-07
93 93 0.233955528279994
93 140 -0.008244498492256
93 171 0.066693721732732
93 175 -1.778537081e-06
93 215 -0.000860837642567
93 218 -2.14040075e-06
93 259 -1.898765586e-06
93 260 3.33875305e-07
93 267 0.000376962781856
93 352 -0.000596521584971
93 429 -0.043480976807743
93 439 1.1470734417e-05
93 447 1.46308341e-07
93 451 0.001868075733972
93 483 -2.7408016e-06
94 2 0.000199249582071
94 75 -0.00071060127051
94 94 0.423972460213601
94 134 0.000123656348933
94 162 -0.000197987770384
94 189 -0.00121455520914
94 200 -4.4883252e-05
94 239 -0.000277526004138
94 249 0.000305824326203
94 309 0.000163716705537
94 412 3.183286178e-05
94 419 -0.002206160352005
95 13 -0.000749029214646
95 19 -0.00259535482833
95 28 -0.016836548792987
95 29 -6.828954029e-06
95 38 0.001283041843279
95 42 -0.000513299246156
95 72 8.2468133549e-05
95 73 0.000246882983203
95 76 -0.003808154912042
95 81 4.3274193129e-05
95 95 0.079837989405372
95 113 -0.00305363543592
95 140 5.0486101712e-05
95 143 0.002976412247731
95 151 -0.026144077110799
95 152 -0.000392487900103
95 159 0.002777342038
95 167 -0.000634484501636
95 177 0.00113688436088
95 181 4.5129760507e-05
95 184 -0.006970958483192
95 193 0.032911143705076
95 202 0.007827301684614
95 216 0.002758652584313
95 218 -1.3787879726e-05
95 228 0.018797981541373
95 240 -0.00215207636239
95 241 -0.001287867821826
95 243 0.001999690522767
95 263 0.006743150605547
95 291 -0.008350687027664
95 319 0.000398401855797
95 329 -0.002094501699387
95 330 0.008487791781414
95 351 0.048155505490752
95 391 0.019988890363018
95 416 -0.007176086228184
95 423 -0.00013049533198
95 430 -0.000355989043972
95 431 0.000332178877293
95 432 -0.002053293212737
95 449 -0.002567933789232
95 452 0.002435105731126
95 464 -0.011999278686657
95 478 0.006286400008503
95 482 0.005271569056416
96 4 0.025915614620382
96 16 0.004053280657358
96 52 0.109626699209898
96 92 0.003774192000983
96 96 0.51528041967778
96 147 -0.000824641675576
96 227 0.01264376241493
96 232 -0.002118461076922
96 275 -0.001906677673578
96 327 0.002534648207499
96 398 -0.444794047738513
96 426 -0.000134860386303
96 491 -0.002357892612825
97 97 0.412316259102973
98 50 0.039669941166592
98 61 -0.002092430934077
98 80 0.000968364941756
98 88 0.000160970036587
98 92 0.002624906127489
98 98 0.074984084105262
98 119 -0.010138070508193
98 169 0.001269361229902
98 211 0.000911496129487
98 236 0.005926399027595
98 256 -0.003217023756797
98 260 0.012416944119868
98 306 -0.000833234867525
98 349 -0.01424402469048
98 353 -0.002254907216755
98 364 0.002076215949758
98 377 0.017771903242776
98 392 -0.000663788450771
98 439 -0.000361416353009
98 442 -0.000949034342046
98 448 0.163932241838255
98 474 -0.00171346103438
98 479 -0.003507647582297
98 491 0.004201590715292
99 86 0.001540816202938
99 99 0.403942652968959
99 100 0.00017181463075
100 86 -0.006000534313641
100 99 0.00017181463075
100 100 0.455702515558902
101 101 0.397373038148559
102 19 -0.004699727259737
102 45 -0.000215088889259
102 102 0.025624974328107
102 146 -0.011777877581116
102 148 -0.004071744519398
102 160 -0.012377015386972
102 202 -0.001558322436884
102 269 0.000107516412054
102 292 6.1403008e-05
102 409 0.040876308126107
102 415 0.00015810988864
103 65 -0.011193135209265
103 103 0.026051762422149
103 278 0.028184374810737
103 424 -0.000569907653951
103 445 0.003737601278356
103 450 -0.056428988242944
104 104 0.386522116263124
105 105 0.382971391404626
106 82 0.00185288562046
106 106 0.473496986017762
107 107 0.375967496578545
108 108 0.372422746444663
108 374 0.005565414373392
109 109 0.369091691066276
110 8 0.020206742396225
110 16 -0.016965648625491
110 110 0.16095541914997
110 115 -0.00052370852119
110 132 -1.07537134e-06
110 232 0.052799936583617
110 252 0.019069465840736
110 256 -0.014895263125668
110 326 -2.60824313e-07
110 327 0.071260834302432
110 377 -0.002696301835792
110 385 0.017103587566368
110 393 -0.000722069100453
110 405 0.010533116020785
110 423 -1.0697281e-07
110 430 -2.91820005e-07
110 449 4.589066e-08
110 487 1.87758153e-07
111 27 0.000152431299421
111 36 -0.001590802310663
111 78 0.005200984090664
111 83 0.002704802923589
111 111 0.147880258381713
111 123 -0.001967449408542
111 144 0.000511488259888
111 156 -0.009357070588594
111 180 0.006249907528847
111 210 -0.002595515112715
111 214 -0.042275037379526
111 262 -0.016140277258924
111 285 -0.000140106838543
111 288 -0.002812143708374
111 313 -0.002010655198436
111 314 0.000230601346189
111 331 -0.000179479736503
111 370 0.067676852231839
111 397 0.000139970133044
111 500 -0.014834134826397
112 73 0.015574776633826
112 112 0.303066369491887
112 167 -0.040026875333439
112 199 0.086747302189059
112 216 -0.006589610827056
112 240 0.005140678380054
112 347 -0.012855221773058
113 13 -0.101201991448176
113 19 0.008316961761576
113 42 -0.000872686803371
113 57 -0.007301417478005
113 72 0.011142341557502
113 73 0.000579000501435
113 81 0.005846814032571
113 95 -0.00305363543592
113 113 0.116553559265569
113 119 -0.005942082534418
113 143 0.005060353603555
113 152 0.010622837369364
113 167 -0.001488020113148
113 181 0.006097521361745
113 202 -0.025083032229989
113 216 0.006469709693561
113 218 -0.001862892473119
113 228 -0.004796576032808
113 236 -0.010164899700295
113 240 -0.005047141268246
113 242 0.003361339260519
113 295 0.0019324094693
113 308 -0.014807416544073
113 314 -0.002980977274991
113 331 -0.003830055614996
113 351 -0.003650350504795
113 391 -0.005100453590013
113 423 0.003531906814766
113 430 0.009634981660297
113 431 0.04488097826057
113 449 0.069502124807215
113 477 0.005302593344295
113 482 0.116437757989243
113 499 0.020725220028516
114 34 -0.109140867879021
114 114 0.090011951020592
114 356 0.042405641947052
115 16 0.000141547145852
115 110 -0.00052370852119
115 115 0.354881479499899
115 132 1.1646513366e-05
115 232 -0.000440518396292
115 252 -0.000117019724794
115 326 2.824785952e-06
115 327 -0.000594540646761
115 385 -0.000104956118159
115 393 0.00782017068871
115 423 1.158539583e-06
115 430 3.160476259e-06
115 449 -4.97006167e-07
115 487 -2.033463007e-06
116 45 -0.002416982961743
116 67 0.012135873368279
116 83 -0.00215615144702
116 116 0.665409362984721
116 123 -0.002964226023947
116 148 -7.266173502e-05
116 160 0.002432991857082
116 292 -0.008466461131598
116 409 0.000729452315952
116 435 -0.005361617491597
117 87 -0.142501590042117
117 117 0.190325807776549
117 287 -0.045363729361116
117 335 0.023014398361825
117 358 0.011103337006971
118 19 0.005195993053415
118 45 -0.067325857766886
118 118 0.104364003327797
118 202 0.001722872862516
118 269 0.033654154291747
118 292 0.019220008050347
118 415 0.049490626460366
119 57 0.052299221587866
119 80 0.000527975824756
119 98 -0.010138070508193
119 113 -0.005942082534418
119 119 0.277966395290181
119 152 0.001033311658859
119 236 -0.080659970261589
119 242 -0.024076890185697
119 260 0.021612019029973
119 295 -0.013841628880674
119 306 -0.000454299662687
119 308 0.012180825617131
119 314 0.021352400615744
119 331 0.02743425203475
119 349 0.106752159730562
119 423 0.000343557974466
119 430 0.000937220305301
119 439 -0.000629054703281
119 449 0.006760656628888
119 463 -0.057129117077173
119 477 -0.037981872032252
119 479 -0.001912453709713
120 14 -0.006438755400375
120 120 0.256791920485575
120 251 -0.009251566651731
120 367 -0.066573080499523
120 417 0.086588052515121
121 121 0.297479072846718
121 183 0.093802594802092
121 367 0.009668524671307
121 417 0.00743362915042
122 22 -0.152357464340261
122 23 -0.005803130728176
122 122 0.330512107743003
122 497 -0.111995392354161
123 36 0.000683171833696
123 45 0.017881548651449
123 49 0.005394158097825
123 51 0.060910761325479
123 67 0.025914590765385
123 78 -0.002233568441803
123 83 0.022424367313505
123 111 -0.001967449408542
123 116 -0.002964226023947
123 123 0.278206153162045
123 148 -0.000478341746909
123 154 0.025509950079952
123 156 0.004018404442328
123 160 0.016016705007357
123 180 -0.040133389031359
123 206 -0.032201469450081
123 210 0.016666937434601
123 261 0.002124603834774
123 262 0.006931460142743
123 292 0.06263736196184
123 310 -0.00088393751117
123 313 0.046839424536261
123 314 -0.005371997327633
123 331 0.004181088622392
123 370 -0.003123609421509
123 403 -0.004106214276206
123 409 0.004802080421077
123 435 -0.011449041936977
123 500 0.006370535812475
124 124 0.321376434410026
125 69 0.001034190812139
125 125 0.334149980750324
125 307 0.003734699411671
125 328 -0.050806831513422
125 342 -0.02331200185125
125 373 0.001155423264811
126 54 0.03861325580349
126 126 0.101848936747467
126 221 -0.030387816173334
126 390 0.049355239924186
127 127 0.312600724306868
128 128 0.309729066733139
129 62 0.001437497937668
129 129 0.016821624935584
129 381 6.38150447e-07
129 421 -0.004176021291243
129 443 -0.007421214492565
129 493 8.690322211e-05
130 130 0.304064649346705
131 2 9.1210829239e-05
131 36 -0.00049079917421
131 70 0.002798690017624
131 78 0.001604623453001
131 84 -0.025246845825353
131 131 0.461563165837782
131 133 0.007894508820663
131 134 -0.007841208494301
131 229 0.001830760667362
131 231 0.004516990767863
131 239 -0.003493781480541
131 249 -0.007344786887884
131 419 -0.001009917878117
131 458 -0.008737047987774
131 500 0.00061522870176
132 16 2.90649737e-07
132 27 0.000330976543596
132 110 -1.07537134e-06
132 115 1.1646513366e-05
132 132 0.060984369894786
132 144 0.00111060272392
132 232 -9.04550602e-07
132 252 -2.4028568e-07
132 285 -0.000304216242538
132 286 -0.006188167266294
132 288 0.000250226847821
132 291 0.003453321440432
132 326 0.012056761576428
132 327 -1.220816439e-06
132 360 0.002367069584255
132 385 -2.15514541e-07
132 393 0.0004378982313
132 397 0.00030391941168
132 423 0.000625224630899
132 430 0.001705602148701
132 449 -0.000268217419379
132 452 0.011842445355191
132 487 -0.008679234134163
133 2 0.000340686870818
133 8 -0.003158908669781
133 16 0.001586426858772
133 36 -0.001833212528127
133 44 6.9678156156e-05
133 50 0.019105194904925
133 70 -0.006674596669726
133 78 0.005993522343843
133 84 0.060211210246867
133 92 -7.3074639711e-05
133 131 0.007894508820663
133 133 0.165971966897223
133 134 -0.029288153694512
133 144 0.000134930204766
133 178 -0.003499866209663
133 182 -6.1939544266e-05
133 229 -0.022113136173177
133 231 0.023133882748552
133 232 0.00249241672895
133 239 -0.013049826318418
133 249 -0.027433940492992
133 256 -0.003076626456616
133 275 -0.001349647282249
133 279 -0.000872987924654
133 285 0.000492589914665
133 299 -0.017786528289663
133 327 -0.001469035348762
133 371 -0.000883359563001
133 376 0.000627609729088
133 377 -0.001067885777783
133 386 0.0238519354009
133 405 0.00143592368297
133 419 -0.003772202977974
133 440 0.005283253559058
133 448 -0.004563702063032
133 458 0.105531834580908
133 476 0.001762431797495
133 491 -0.000116967888686
133 500 0.002297976490168
134 2 -0.000639699494688
134 11 -0.01013294957014
134 14 0.000154622701573
134 18 -0.008112695914216
134 25 0.001282590199897
134 36 0.03011654388296
134 37 0.00027579468918
134 57 0.001010344805421
134 64 9.9703439314e-05
134 68 -0.012559947946772
134 70 0.00662953266525
134 75 0.035736825039716
134 78 -0.098463312852355
134 84 -0.059804690065599
134 94 0.000123656348933
134 131 -0.007841208494301
134 133 -0.029288153694512
134 134 0.2008699582273
134 158 6.2072884552e-05
134 162 0.009956996425232
