%%MatrixMarket matrix coordinate real general
64 64 366
17 1 -0.832944
14 1 -1.42812
42 1 -0.809432
1 1 5.77011
5 1 -2.33486
20 1 -0.364756
54 2 -0.93106
15 2 -0.409713
6 2 -0.35487
53 2 -0.0773437
2 2 4.02593
23 2 -1.22771
63 2 -1.02523
56 3 -0.0377607
38 3 -1.44847
48 3 -0.453757
3 3 7.79727
50 3 -0.682342
31 3 -5.17494
10 4 -0.707883
19 4 -1.90676
12 4 -0.437509
21 4 -0.718242
4 4 4.2699
46 4 -0.499503
17 5 -1.89479
1 5 -2.33486
34 5 -0.916804
20 5 -0.00649149
5 5 5.87997
41 5 -0.172149
54 6 -0.862409
42 6 -2.00514
14 6 -0.504041
6 6 4.59518
2 6 -0.35487
53 6 -0.819996
47 7 -1.34758
49 7 -0.931624
11 7 -0.960891
24 7 -0.425767
8 7 -0.402269
7 7 4.06813
49 8 -0.931973
7 8 -0.402269
24 8 -0.558415
28 8 -0.768674
8 8 3.91539
57 9 -0.115764
47 9 -0.316565
56 9 -1.78201
18 9 -0.799687
40 9 -2.01425
9 9 5.11989
19 10 -0.173664
4 10 -0.707883
26 10 -3.61822
33 10 -0.907643
46 10 -0.391294
10 10 5.7987
56 11 -0.0899017
47 11 -0.414972
7 11 -0.960891
24 11 -2.47729
51 11 -0.576982
31 11 -0.711307
55 11 -0.00173325
11 11 5.23308
4 12 -0.437509
21 12 -0.0298005
43 12 -0.512758
19 12 -0.711141
12 12 5.10727
45 12 -2.78982
51 12 -0.626244
32 13 -0.0244173
25 13 -2.20536
43 13 -0.957707
64 13 -0.324155
28 13 -0.220373
59 13 -1.25043
13 13 5.1865
17 14 -0.392939
6 14 -0.504041
1 14 -1.42812
42 14 -1.3127
14 14 4.36429
54 15 -0.0779382
50 15 -0.356444
22 15 -1.13937
23 15 -0.53337
2 15 -0.409713
15 15 4.36672
34 16 -0.776468
30 16 -0.660315
61 16 -2.74406
16 16 4.99822
36 16 -0.461378
39 16 -0.356003
5 17 -1.89479
1 17 -0.832944
17 17 4.49062
14 17 -0.392939
57 18 -0.0543199
9 18 -0.799687
18 18 4.21647
10 19 -0.173664
4 19 -1.90676
26 19 -0.367399
12 19 -0.711141
51 19 -0.871783
41 19 -0.0837462
19 19 4.49614
20 19 -0.381639
1 20 -0.364756
51 20 -0.143275
55 20 -6.80977
42 20 -0.202703
5 20 -0.00649149
41 20 -0.877217
19 20 -0.381639
20 20 8.78585
4 21 -0.718242
12 21 -0.0298005
52 21 -2.79989
46 21 -0.184192
43 21 -0.996726
62 21 -0.387893
64 21 -0.0162598
21 21 5.133
50 22 -1.99938
15 22 -1.13937
48 22 -0.0161501
22 22 5.30831
37 23 -0.82119
15 23 -0.53337
2 23 -1.22771
63 23 -0.192049
35 23 -2.29626
23 23 5.12801
7 24 -0.425767
11 24 -2.47729
51 24 -0.50537
24 24 4.78244
28 24 -0.815591
8 24 -0.558415
43 25 -0.474567
13 25 -2.20536
25 25 5.21822
28 25 -1.64578
45 25 -0.892518
10 26 -3.61822
19 26 -0.367399
41 26 -2.02722
61 26 -0.164672
26 26 6.5767
30 26 -0.38672
33 26 -0.0124677
63 27 -6.45816
27 27 12.2815
53 27 -1.32638
25 28 -1.64578
45 28 -0.515302
51 28 -0.267066
24 28 -0.815591
13 28 -0.220373
8 28 -0.768674
28 28 4.4079
29 29 56.1069
59 29 -0.518221
26 30 -0.38672
33 30 -0.347373
16 30 -0.660315
61 30 -0.842753
30 30 5.70303
39 30 -3.21921
56 31 -0.422662
3 31 -5.17494
50 31 -0.0986382
54 31 -0.660699
31 31 7.30736
55 31 -0.239109
11 31 -0.711307
13 32 -0.0244173
64 32 -3.99522
62 32 -0.459366
59 32 -2.03627
32 32 7.04472
10 33 -0.907643
26 33 -0.0124677
46 33 -0.792906
33 33 5.66089
30 33 -0.347373
41 34 -0.260574
61 34 -0.578551
5 34 -0.916804
34 34 4.27995
36 34 -1.23489
16 34 -0.776468
37 35 -1.35454
58 35 -1.17344
23 35 -2.29626
35 35 5.20754
34 36 -1.23489
16 36 -0.461378
36 36 4.99952
39 36 -0.51863
23 37 -0.82119
35 37 -1.35454
37 37 7.24608
58 37 -1.51198
56 38 -0.180988
40 38 -0.903983
38 38 4.79127
48 38 -1.76308
3 38 -1.44847
30 39 -3.21921
16 39 -0.356003
36 39 -0.51863
39 39 6.30063
56 40 -0.0626112
9 40 -2.01425
38 40 -0.903983
40 40 5.21566
26 41 -2.02722
61 41 -1.37272
34 41 -0.260574
5 41 -0.172149
41 41 4.79363
19 41 -0.0837462
20 41 -0.877217
54 42 -0.0775623
6 42 -2.00514
14 42 -1.3127
1 42 -0.809432
55 42 -0.646968
42 42 5.0545
20 42 -0.202703
12 43 -0.512758
25 43 -0.474567
45 43 -0.353723
21 43 -0.996726
43 43 3.84278
64 43 -0.547301
13 43 -0.957707
57 44 -2.74565
60 44 -5.06578
44 44 14.3308
12 45 -2.78982
43 45 -0.353723
25 45 -0.892518
45 45 5.14024
28 45 -0.515302
51 45 -0.58888
10 46 -0.391294
4 46 -0.499503
52 46 -0.423266
21 46 -0.184192
33 46 -0.792906
46 46 3.70494
57 47 -0.38098
56 47 -5.6962
9 47 -0.316565
49 47 -0.0678441
7 47 -1.34758
47 47 8.22414
11 47 -0.414972
38 48 -1.76308
3 48 -0.453757
50 48 -1.10324
48 48 4.43152
22 48 -0.0161501
57 49 -0.622904
47 49 -0.0678441
60 49 -3.45587
49 49 6.16117
7 49 -0.931624
8 49 -0.931973
3 50 -0.682342
54 50 -0.511046
31 50 -0.0986382
15 50 -0.356444
50 50 4.75109
48 50 -1.10324
22 50 -1.99938
12 51 -0.626244
45 51 -0.58888
28 51 -0.267066
19 51 -0.871783
20 51 -0.143275
55 51 -0.545747
24 51 -0.50537
11 51 -0.576982
51 51 4.12535
62 52 -0.738036
52 52 5.04535
21 52 -2.79989
46 52 -0.423266
27 53 -1.32638
6 53 -0.819996
63 53 -0.857483
2 53 -0.0773437
53 53 7.24002
15 54 -0.0779382
50 54 -0.511046
2 54 -0.93106
31 54 -0.660699
6 54 -0.862409
42 54 -0.0775623
55 54 -0.668313
54 54 3.78903
54 55 -0.668313
51 55 -0.545747
42 55 -0.646968
20 55 -6.80977
31 55 -0.239109
55 55 8.91164
11 55 -0.00173325
11 56 -0.0899017
31 56 -0.422662
3 56 -0.0377607
47 56 -5.6962
9 56 -1.78201
40 56 -0.0626112
38 56 -0.180988
56 56 8.27214
49 57 -0.622904
60 57 -0.918293
44 57 -2.74565
47 57 -0.38098
9 57 -0.115764
18 57 -0.0543199
57 57 5.97003
37 58 -1.51198
35 58 -1.17344
58 58 6.8616
32 59 -2.03627
13 59 -1.25043
29 59 -0.518221
59 59 4.69958
57 60 -0.918293
49 60 -3.45587
60 60 9.92186
44 60 -5.06578
26 61 -0.164672
41 61 -1.37272
34 61 -0.578551
16 61 -2.74406
30 61 -0.842753
61 61 5.70276
32 62 -0.459366
52 62 -0.738036
64 62 -1.67973
21 62 -0.387893
62 62 4.50266
27 63 -6.45816
53 63 -0.857483
2 63 -1.02523
63 63 8.82861
23 63 -0.192049
32 64 -3.99522
62 64 -1.67973
21 64 -0.0162598
43 64 -0.547301
64 64 6.56267
13 64 -0.324155
